# ---------------------------------------------------------------------
# XATOM HFS : electronic structure of atoms and more, v2.0.0-15-g9da229
#
# Job started at  :  8-Aug-2024  9:44:16
# ---------------------------------------------------------------------
# Atom: Ar
#   nuclear charge:   18
#   total electrons:  18
#   total charge:     +0
#   configuration: 1s2_2s2_2p6_3s2_3p6
#
# Computational method:
#   exchange functional: Slater (Latter tail correction)
#   correlation functional: none
#
# Grid for the spherical coordinate:
#   N =  200
#   L parameter =      1.0
#   Rmax(a.u.)  =     50.0
#   lmax  =    1
#
# SCF converged after   24 iterations
#   energy convergence  = -6.005E-08
#   density convergence =  1.824E-08
#
# Energies: 
# - zeroth-order energy (a.u.):
#   SUM of E_orb   =    -315.32894667  [     -8580.54 eV ]
#   (SUM of E_kin) =     538.31112886
#   (Effec. pot E) =    -853.64007553
#
# - first-order energy (a.u.): with DFT formula
#   Kinetic E      =     538.31112886
#   E Latter corr  =      -0.04560505
#   Nuc-Elec pot E =   -1271.74584183    One-Elec E =    -733.48031802
#
#   Hartree E      =     237.44887030
#   Exchange E     =     -42.55977694
#   Correlation E  =       0.00000000    Two-Elec E =     194.88909336
#   ---------------------------------
#   Total Energy   =    -538.59122466  [    -14655.81 eV ]
#
#                E(0)        E(1)
# |E_TOT|    -8580.54   -14655.81
#
# Orbital energies: 
#        n_occ        E(a.u.)          E(eV)         KE(eV)
#   1s       2  -116.26634367   -3163.768054    4220.775799
#   2s       2   -11.43275460    -311.101069     691.023908
#   2p       6    -9.10418205    -247.737388     673.728820
#   3s       2    -1.05375271     -28.674069     118.403503
#   3p       6    -0.53302540     -14.504359      90.901862
#
#              1s        2s        2p        3s        3p
# |SCF|  -3163.77   -311.10   -247.74    -28.67    -14.50
#
# Plotting of radial bound states [ u(r) = r R(r) ] on nonuniform grids
r(a.u.)         1s         2s         2p         3s         3p
  8.863E-05  1.323E-02 -3.773E-03  1.489E-06 -1.271E-03  4.521E-07
  2.972E-04  4.421E-02 -1.260E-02  1.671E-05 -4.246E-03  5.072E-06
  6.250E-04  9.243E-02 -2.635E-02  7.369E-05 -8.878E-03  2.237E-05
  1.072E-03  1.573E-01 -4.485E-02  2.161E-04 -1.511E-02  6.559E-05
  1.639E-03  2.380E-01 -6.786E-02  5.024E-04 -2.286E-02  1.525E-04
  2.326E-03  3.336E-01 -9.510E-02  1.005E-03 -3.204E-02  3.052E-04
  3.134E-03  4.429E-01 -1.262E-01  1.811E-03 -4.253E-02  5.498E-04
  4.061E-03  5.646E-01 -1.609E-01  3.017E-03 -5.419E-02  9.159E-04
  5.110E-03  6.971E-01 -1.986E-01  4.732E-03 -6.689E-02  1.436E-03
  6.281E-03  8.389E-01 -2.388E-01  7.073E-03 -8.045E-02  2.147E-03
  7.574E-03  9.883E-01 -2.812E-01  1.017E-02 -9.471E-02  3.086E-03
  8.989E-03  1.144E+00 -3.251E-01  1.414E-02 -1.095E-01  4.292E-03
  1.053E-02  1.303E+00 -3.699E-01  1.913E-02 -1.246E-01  5.807E-03
  1.219E-02  1.464E+00 -4.151E-01  2.528E-02 -1.398E-01  7.671E-03
  1.398E-02  1.626E+00 -4.601E-01  3.271E-02 -1.549E-01  9.927E-03
  1.589E-02  1.786E+00 -5.042E-01  4.157E-02 -1.697E-01  1.261E-02
  1.793E-02  1.943E+00 -5.469E-01  5.197E-02 -1.840E-01  1.577E-02
  2.010E-02  2.095E+00 -5.876E-01  6.406E-02 -1.977E-01  1.943E-02
  2.240E-02  2.240E+00 -6.257E-01  7.794E-02 -2.104E-01  2.364E-02
  2.483E-02  2.377E+00 -6.607E-01  9.372E-02 -2.220E-01  2.842E-02
  2.738E-02  2.504E+00 -6.919E-01  1.115E-01 -2.324E-01  3.380E-02
  3.007E-02  2.621E+00 -7.189E-01  1.313E-01 -2.413E-01  3.981E-02
  3.290E-02  2.726E+00 -7.413E-01  1.533E-01 -2.486E-01  4.646E-02
  3.586E-02  2.818E+00 -7.585E-01  1.775E-01 -2.541E-01  5.377E-02
  3.895E-02  2.897E+00 -7.704E-01  2.039E-01 -2.577E-01  6.174E-02
  4.219E-02  2.962E+00 -7.764E-01  2.326E-01 -2.593E-01  7.038E-02
  4.556E-02  3.012E+00 -7.763E-01  2.635E-01 -2.589E-01  7.969E-02
  4.908E-02  3.048E+00 -7.700E-01  2.966E-01 -2.562E-01  8.965E-02
  5.273E-02  3.069E+00 -7.572E-01  3.319E-01 -2.513E-01  1.002E-01
  5.654E-02  3.075E+00 -7.379E-01  3.693E-01 -2.442E-01  1.114E-01
  6.049E-02  3.068E+00 -7.120E-01  4.088E-01 -2.347E-01  1.232E-01
  6.459E-02  3.046E+00 -6.795E-01  4.502E-01 -2.230E-01  1.356E-01
  6.883E-02  3.011E+00 -6.405E-01  4.933E-01 -2.090E-01  1.484E-01
  7.324E-02  2.964E+00 -5.952E-01  5.382E-01 -1.928E-01  1.617E-01
  7.780E-02  2.905E+00 -5.437E-01  5.845E-01 -1.745E-01  1.753E-01
  8.251E-02  2.836E+00 -4.864E-01  6.322E-01 -1.542E-01  1.893E-01
  8.739E-02  2.756E+00 -4.234E-01  6.811E-01 -1.319E-01  2.035E-01
  9.243E-02  2.668E+00 -3.551E-01  7.308E-01 -1.078E-01  2.180E-01
  9.764E-02  2.572E+00 -2.820E-01  7.813E-01 -8.212E-02  2.325E-01
  1.030E-01  2.470E+00 -2.045E-01  8.323E-01 -5.493E-02  2.470E-01
  1.086E-01  2.362E+00 -1.230E-01  8.836E-01 -2.644E-02  2.615E-01
  1.143E-01  2.250E+00 -3.808E-02  9.348E-01  3.149E-03  2.758E-01
  1.202E-01  2.135E+00  4.974E-02  9.858E-01  3.364E-02  2.899E-01
  1.263E-01  2.017E+00  1.399E-01  1.036E+00  6.480E-02  3.036E-01
  1.325E-01  1.899E+00  2.319E-01  1.086E+00  9.641E-02  3.168E-01
  1.390E-01  1.780E+00  3.250E-01  1.135E+00  1.282E-01  3.295E-01
  1.456E-01  1.662E+00  4.187E-01  1.182E+00  1.600E-01  3.415E-01
  1.524E-01  1.546E+00  5.124E-01  1.228E+00  1.915E-01  3.528E-01
  1.595E-01  1.432E+00  6.055E-01  1.272E+00  2.225E-01  3.632E-01
  1.667E-01  1.321E+00  6.974E-01  1.315E+00  2.528E-01  3.726E-01
  1.742E-01  1.214E+00  7.876E-01  1.354E+00  2.820E-01  3.810E-01
  1.818E-01  1.111E+00  8.754E-01  1.392E+00  3.099E-01  3.882E-01
  1.897E-01  1.013E+00  9.604E-01  1.427E+00  3.364E-01  3.942E-01
  1.978E-01  9.191E-01  1.042E+00  1.458E+00  3.611E-01  3.989E-01
  2.061E-01  8.306E-01  1.120E+00  1.487E+00  3.839E-01  4.021E-01
  2.147E-01  7.475E-01  1.193E+00  1.513E+00  4.045E-01  4.038E-01
  2.235E-01  6.697E-01  1.262E+00  1.535E+00  4.228E-01  4.040E-01
  2.325E-01  5.974E-01  1.326E+00  1.554E+00  4.386E-01  4.026E-01
  2.418E-01  5.306E-01  1.384E+00  1.569E+00  4.516E-01  3.994E-01
  2.513E-01  4.691E-01  1.437E+00  1.581E+00  4.618E-01  3.945E-01
  2.611E-01  4.128E-01  1.483E+00  1.588E+00  4.691E-01  3.879E-01
  2.711E-01  3.616E-01  1.524E+00  1.592E+00  4.732E-01  3.794E-01
  2.815E-01  3.153E-01  1.558E+00  1.593E+00  4.741E-01  3.691E-01
  2.921E-01  2.735E-01  1.587E+00  1.589E+00  4.717E-01  3.569E-01
  3.030E-01  2.362E-01  1.608E+00  1.582E+00  4.660E-01  3.429E-01
  3.142E-01  2.029E-01  1.624E+00  1.571E+00  4.570E-01  3.270E-01
  3.256E-01  1.734E-01  1.633E+00  1.556E+00  4.446E-01  3.093E-01
  3.374E-01  1.474E-01  1.636E+00  1.538E+00  4.288E-01  2.897E-01
  3.495E-01  1.247E-01  1.632E+00  1.517E+00  4.097E-01  2.684E-01
  3.620E-01  1.049E-01  1.623E+00  1.492E+00  3.874E-01  2.453E-01
  3.748E-01  8.771E-02  1.609E+00  1.464E+00  3.618E-01  2.205E-01
  3.879E-01  7.294E-02  1.588E+00  1.433E+00  3.332E-01  1.940E-01
  4.013E-01  6.031E-02  1.563E+00  1.400E+00  3.015E-01  1.660E-01
  4.152E-01  4.958E-02  1.533E+00  1.364E+00  2.671E-01  1.365E-01
  4.294E-01  4.050E-02  1.498E+00  1.325E+00  2.300E-01  1.056E-01
  4.440E-01  3.288E-02  1.459E+00  1.285E+00  1.903E-01  7.342E-02
  4.590E-01  2.652E-02  1.417E+00  1.242E+00  1.484E-01  4.003E-02
  4.744E-01  2.125E-02  1.371E+00  1.198E+00  1.044E-01  5.546E-03
  4.902E-01  1.691E-02  1.322E+00  1.153E+00  5.856E-02 -2.990E-02
  5.064E-01  1.337E-02  1.271E+00  1.106E+00  1.107E-02 -6.618E-02
  5.231E-01  1.049E-02  1.218E+00  1.058E+00 -3.778E-02 -1.032E-01
  5.403E-01  8.174E-03  1.163E+00  1.010E+00 -8.775E-02 -1.407E-01
  5.579E-01  6.320E-03  1.106E+00  9.613E-01 -1.386E-01 -1.787E-01
  5.760E-01  4.849E-03  1.049E+00  9.123E-01 -1.899E-01 -2.169E-01
  5.946E-01  3.690E-03  9.915E-01  8.634E-01 -2.416E-01 -2.553E-01
  6.137E-01  2.786E-03  9.338E-01  8.148E-01 -2.932E-01 -2.936E-01
  6.334E-01  2.085E-03  8.763E-01  7.666E-01 -3.446E-01 -3.318E-01
  6.536E-01  1.547E-03  8.195E-01  7.192E-01 -3.954E-01 -3.697E-01
  6.744E-01  1.138E-03  7.635E-01  6.726E-01 -4.454E-01 -4.070E-01
  6.958E-01  8.288E-04  7.088E-01  6.271E-01 -4.943E-01 -4.437E-01
  7.178E-01  5.980E-04  6.556E-01  5.828E-01 -5.417E-01 -4.797E-01
  7.404E-01  4.273E-04  6.040E-01  5.399E-01 -5.876E-01 -5.146E-01
  7.637E-01  3.022E-04  5.543E-01  4.985E-01 -6.315E-01 -5.485E-01
  7.876E-01  2.115E-04  5.068E-01  4.587E-01 -6.734E-01 -5.812E-01
  8.123E-01  1.464E-04  4.614E-01  4.206E-01 -7.128E-01 -6.125E-01
  8.377E-01  1.002E-04  4.183E-01  3.843E-01 -7.497E-01 -6.422E-01
  8.638E-01  6.780E-05  3.777E-01  3.498E-01 -7.838E-01 -6.703E-01
  8.907E-01  4.532E-05  3.395E-01  3.173E-01 -8.149E-01 -6.966E-01
  9.184E-01  2.992E-05  3.038E-01  2.866E-01 -8.429E-01 -7.210E-01
  9.469E-01  1.950E-05  2.706E-01  2.578E-01 -8.677E-01 -7.434E-01
  9.764E-01  1.254E-05  2.399E-01  2.310E-01 -8.890E-01 -7.637E-01
  1.007E+00  7.950E-06  2.116E-01  2.061E-01 -9.068E-01 -7.818E-01
  1.038E+00  4.969E-06  1.857E-01  1.830E-01 -9.211E-01 -7.975E-01
  1.070E+00  3.060E-06  1.622E-01  1.618E-01 -9.317E-01 -8.109E-01
  1.103E+00  1.855E-06  1.408E-01  1.423E-01 -9.387E-01 -8.219E-01
  1.138E+00  1.107E-06  1.216E-01  1.246E-01 -9.421E-01 -8.304E-01
  1.173E+00  6.493E-07  1.044E-01  1.086E-01 -9.419E-01 -8.365E-01
  1.209E+00  3.743E-07  8.915E-02  9.407E-02 -9.381E-01 -8.400E-01
  1.247E+00  2.119E-07  7.563E-02  8.107E-02 -9.309E-01 -8.410E-01
  1.286E+00  1.178E-07  6.375E-02  6.948E-02 -9.203E-01 -8.396E-01
  1.326E+00  6.416E-08  5.338E-02  5.919E-02 -9.065E-01 -8.357E-01
  1.368E+00  3.425E-08  4.440E-02  5.012E-02 -8.897E-01 -8.295E-01
  1.410E+00  1.790E-08  3.666E-02  4.217E-02 -8.699E-01 -8.209E-01
  1.455E+00  9.151E-09  3.006E-02  3.526E-02 -8.476E-01 -8.101E-01
  1.500E+00  4.571E-09  2.445E-02  2.927E-02 -8.227E-01 -7.972E-01
  1.548E+00  2.229E-09  1.973E-02  2.413E-02 -7.957E-01 -7.822E-01
  1.597E+00  1.060E-09  1.579E-02  1.975E-02 -7.666E-01 -7.653E-01
  1.648E+00  4.911E-10  1.253E-02  1.604E-02 -7.359E-01 -7.466E-01
  1.700E+00  2.214E-10  9.856E-03  1.292E-02 -7.037E-01 -7.262E-01
  1.754E+00  9.696E-11  7.679E-03  1.033E-02 -6.703E-01 -7.043E-01
  1.811E+00  4.122E-11  5.925E-03  8.180E-03 -6.359E-01 -6.811E-01
  1.869E+00  1.698E-11  4.526E-03  6.421E-03 -6.009E-01 -6.567E-01
  1.930E+00  6.773E-12  3.421E-03  4.994E-03 -5.655E-01 -6.312E-01
  1.992E+00  2.610E-12  2.557E-03  3.845E-03 -5.300E-01 -6.049E-01
  2.057E+00  9.700E-13  1.889E-03  2.930E-03 -4.946E-01 -5.779E-01
  2.125E+00  3.437E-13  1.379E-03  2.209E-03 -4.595E-01 -5.504E-01
  2.195E+00  1.162E-13  9.940E-04  1.647E-03 -4.251E-01 -5.225E-01
  2.268E+00  3.732E-14  7.070E-04  1.214E-03 -3.914E-01 -4.945E-01
  2.344E+00  1.293E-14  4.960E-04  8.831E-04 -3.587E-01 -4.665E-01
  2.422E+00  3.521E-15  3.429E-04  6.343E-04 -3.272E-01 -4.387E-01
  2.504E+00  1.302E-15  2.335E-04  4.495E-04 -2.971E-01 -4.113E-01
  2.589E+00  1.869E-16  1.565E-04  3.141E-04 -2.684E-01 -3.844E-01
  2.678E+00 -1.979E-15  1.031E-04  2.163E-04 -2.414E-01 -3.581E-01
  2.770E+00 -2.462E-16  6.681E-05  1.466E-04 -2.159E-01 -3.326E-01
  2.866E+00  1.947E-15  4.249E-05  9.780E-05 -1.921E-01 -3.078E-01
  2.966E+00  1.158E-16  2.650E-05  6.412E-05 -1.699E-01 -2.838E-01
  3.071E+00 -1.258E-15  1.620E-05  4.128E-05 -1.494E-01 -2.606E-01
  3.180E+00 -2.498E-15  9.687E-06  2.607E-05 -1.306E-01 -2.384E-01
  3.293E+00 -2.733E-15  5.663E-06  1.613E-05 -1.133E-01 -2.171E-01
  3.412E+00  3.716E-15  3.231E-06  9.772E-06 -9.765E-02 -1.967E-01
  3.536E+00  2.088E-15  1.798E-06  5.787E-06 -8.351E-02 -1.774E-01
  3.666E+00  4.873E-15  9.733E-07  3.345E-06 -7.085E-02 -1.592E-01
  3.802E+00 -3.780E-15  5.121E-07  1.885E-06 -5.961E-02 -1.420E-01
  3.944E+00 -8.253E-15  2.614E-07  1.034E-06 -4.970E-02 -1.259E-01
  4.093E+00 -8.233E-15  1.292E-07  5.513E-07 -4.105E-02 -1.109E-01
  4.249E+00 -2.066E-15  6.175E-08  2.851E-07 -3.356E-02 -9.705E-02
  4.413E+00  7.500E-16  2.845E-08  1.428E-07 -2.714E-02 -8.431E-02
  4.585E+00 -1.666E-14  1.261E-08  6.908E-08 -2.170E-02 -7.267E-02
  4.765E+00  1.434E-14  5.369E-09  3.223E-08 -1.714E-02 -6.213E-02
  4.954E+00  1.155E-14  2.187E-09  1.446E-08 -1.337E-02 -5.265E-02
  5.154E+00  1.971E-14  8.509E-10  6.228E-09 -1.028E-02 -4.420E-02
  5.363E+00  2.102E-14  3.150E-10  2.566E-09 -7.792E-03 -3.673E-02
  5.584E+00 -2.755E-15  1.106E-10  1.009E-09 -5.813E-03 -3.020E-02
  5.816E+00 -1.106E-14  3.663E-11  3.771E-10 -4.265E-03 -2.454E-02
  6.061E+00 -2.634E-15  1.148E-11  1.337E-10 -3.073E-03 -1.970E-02
  6.320E+00  1.290E-14  3.316E-12  4.475E-11 -2.172E-03 -1.561E-02
  6.593E+00 -1.905E-15  9.262E-13  1.416E-11 -1.504E-03 -1.219E-02
  6.881E+00 -1.098E-14  1.787E-13  4.180E-12 -1.019E-03 -9.377E-03
  7.186E+00  1.669E-15  3.099E-14  1.215E-12 -6.741E-04 -7.096E-03
  7.508E+00 -1.748E-14 -5.371E-14  3.005E-13 -4.348E-04 -5.276E-03
  7.850E+00 -5.559E-14  1.722E-14  1.605E-13 -2.730E-04 -3.850E-03
  8.212E+00 -1.723E-14  4.841E-14 -4.561E-14 -1.665E-04 -2.753E-03
  8.595E+00  1.020E-14  1.719E-15  9.215E-15 -9.837E-05 -1.926E-03
  9.002E+00 -3.679E-14 -1.880E-14 -3.502E-14 -5.621E-05 -1.316E-03
  9.435E+00 -7.544E-15  1.391E-14  1.368E-13 -3.098E-05 -8.769E-04
  9.895E+00  2.859E-14 -4.556E-14 -3.207E-14 -1.642E-05 -5.685E-04
  1.038E+01  2.695E-15  2.790E-14 -4.709E-14 -8.346E-06 -3.580E-04
  1.090E+01 -6.427E-15  1.342E-14  1.518E-13 -4.055E-06 -2.184E-04
  1.146E+01  2.517E-14  3.406E-14  1.407E-13 -1.877E-06 -1.288E-04
  1.205E+01 -9.056E-15 -1.409E-13  1.999E-14 -8.249E-07 -7.321E-05
  1.268E+01  1.843E-14 -2.735E-14  1.563E-13 -3.426E-07 -4.001E-05
  1.335E+01 -8.406E-15 -6.331E-14  1.360E-13 -1.341E-07 -2.096E-05
  1.406E+01  1.408E-15  8.971E-14  5.089E-14 -4.909E-08 -1.049E-05
  1.483E+01  3.926E-14 -5.205E-14  1.354E-13 -1.685E-08 -4.999E-06
  1.564E+01 -7.435E-15 -5.125E-15  6.633E-14 -5.293E-09 -2.260E-06
  1.651E+01  1.620E-14  1.300E-13  1.363E-13 -1.605E-09 -9.666E-07
  1.744E+01 -9.903E-15  2.250E-13 -6.869E-15 -3.838E-10 -3.892E-07
  1.843E+01  1.961E-14 -1.033E-13 -8.156E-14 -1.402E-10 -1.472E-07
  1.949E+01  1.977E-15 -2.783E-14  1.151E-13  1.034E-11 -5.194E-08
  2.062E+01 -1.315E-14  2.654E-14  3.046E-13 -3.587E-11 -1.718E-08
  2.181E+01 -2.706E-14 -1.969E-13  1.110E-13  2.914E-11 -5.180E-09
  2.309E+01 -9.098E-14  1.567E-13 -2.594E-13 -2.674E-11 -1.539E-09
  2.444E+01 -1.911E-14  4.155E-14  1.474E-14  2.573E-11 -3.405E-10
  2.586E+01  5.072E-14 -8.226E-14 -9.139E-14 -2.204E-11 -1.412E-10
  2.737E+01  2.062E-14  1.335E-13 -2.255E-13  2.127E-11  2.300E-11
  2.895E+01  2.998E-14  2.392E-13  2.804E-13 -1.861E-11 -4.370E-11
  3.059E+01  1.839E-14  2.041E-13  1.732E-13  1.717E-11  3.824E-11
  3.230E+01 -4.813E-14 -1.655E-13 -7.372E-14 -1.748E-11 -3.256E-11
  3.407E+01  8.320E-15 -3.420E-13  6.134E-13  1.402E-11  3.376E-11
  3.587E+01  5.985E-14  7.175E-14  5.506E-13 -1.256E-11 -2.639E-11
  3.769E+01  2.068E-14  2.291E-13 -3.794E-13  1.231E-11  2.425E-11
  3.950E+01 -1.005E-13 -2.518E-14 -9.694E-13 -1.114E-11 -2.652E-11
  4.128E+01 -8.607E-14  2.505E-13 -8.404E-13  1.126E-11  1.728E-11
  4.299E+01 -2.723E-13  9.367E-13  1.250E-13 -5.621E-12 -1.754E-11
  4.460E+01  2.236E-14 -1.003E-13 -9.952E-14  7.419E-12  1.490E-11
  4.607E+01 -5.539E-14 -6.356E-14 -1.717E-13 -6.441E-12 -1.345E-11
  4.736E+01 -9.006E-14  1.334E-13 -1.722E-13  5.752E-12  8.617E-12
  4.843E+01 -1.342E-13  4.292E-13 -6.502E-14 -3.158E-12 -8.403E-12
  4.924E+01 -2.532E-14  1.192E-13 -2.094E-15  2.954E-12  3.835E-12
  4.977E+01  3.414E-16  7.056E-15 -1.491E-15 -1.073E-12 -2.039E-12


#
# Current date/time  :  8-Aug-2024  9:44:17
# elapsed real time  :  0.57 seconds on max-wne003.desy.de
# Job time(CPU_time) :  1.82 seconds on max-wne003.desy.de
