# ---------------------------------------------------------------------
# XATOM HFS : electronic structure of atoms and more, v2.0.0-15-g9da229
#
# Job started at  :  8-Aug-2024 17:34:57
# ---------------------------------------------------------------------
# Atom: H
#   nuclear charge:    1
#   total electrons:   1
#   total charge:     +0
#   configuration: 1s1
#
# Computational method:
#   exchange functional: Slater (Latter tail correction)
#   correlation functional: none
#
# Grid for the spherical coordinate:
#   N =  200
#   L parameter =      1.0
#   Rmax(a.u.)  =     50.0
#   lmax  =    0
#
# SCF converged after    2 iterations
#   energy convergence  =  8.696E-09
#   density convergence =  3.223E-07
#
# Energies: 
# - zeroth-order energy (a.u.):
#   SUM of E_orb   =      -0.50000001  [       -13.61 eV ]
#   (SUM of E_kin) =       0.50000002
#   (Effec. pot E) =      -1.00000002
#
# - first-order energy (a.u.): with DFT formula
#   Kinetic E      =       0.50000002
#   E Latter corr  =      -0.19954786
#   Nuc-Elec pot E =      -1.00000002    One-Elec E =      -0.69954786
#
#   Hartree E      =       0.31251543
#   Exchange E     =      -0.31911226
#   Correlation E  =       0.00000000    Two-Elec E =      -0.00659683
#   ---------------------------------
#   Total Energy   =      -0.70614468  [       -19.22 eV ]
#
#                E(0)        E(1)
# |E_TOT|      -13.61      -19.22
#
# Orbital energies: 
#        n_occ        E(a.u.)          E(eV)         KE(eV)
#   1s       1    -0.50000001     -13.605692      13.605692
#
#              1s
# |SCF|    -13.61
#
# Radial wavefunction information (a.u.): (r_m: r_max where |u(r)| >  1.0E-08)
#              <r>       <r^2>         r_m   norm. err
#   1s       1.500       3.000      22.210    -1.8E-08
#
# Uniform grid parameters for continuum states:
#   N_uniform             =    4617
#   continuum_rmax(a.u.)  =      23.087 (internally determined)
#   dr(a.u.)              =   5.00E-03
#   threshold to determine r_m =   1.00E-08
#   continuum_rmax is just right next to r_m in radial grid.
#
# Photoabsorption cross section (in Mb):
P.E.(eV)        Total          1s 
     0.00000  0.00000E+00  0.00000E+00
     1.00000  0.00000E+00  0.00000E+00
     2.00000  0.00000E+00  0.00000E+00
     3.00000  0.00000E+00  0.00000E+00
     4.00000  0.00000E+00  0.00000E+00
     5.00000  0.00000E+00  0.00000E+00
     6.00000  0.00000E+00  0.00000E+00
     7.00000  0.00000E+00  0.00000E+00
     8.00000  0.00000E+00  0.00000E+00
     9.00000  0.00000E+00  0.00000E+00
    10.00000  0.00000E+00  0.00000E+00
    11.00000  0.00000E+00  0.00000E+00
    12.00000  0.00000E+00  0.00000E+00
    13.00000  0.00000E+00  0.00000E+00
    14.00000  5.84130E+00  5.84130E+00
    15.00000  4.85393E+00  4.85393E+00
    16.00000  4.07733E+00  4.07733E+00
    17.00000  3.45777E+00  3.45777E+00
    18.00000  2.95743E+00  2.95743E+00
    19.00000  2.54890E+00  2.54890E+00
    20.00000  2.21202E+00  2.21202E+00
    21.00000  1.93176E+00  1.93176E+00
    22.00000  1.69670E+00  1.69670E+00
    23.00000  1.49810E+00  1.49810E+00
    24.00000  1.32915E+00  1.32915E+00
    25.00000  1.18454E+00  1.18454E+00
    26.00000  1.06005E+00  1.06005E+00
    27.00000  9.52290E-01  9.52290E-01
    28.00000  8.58560E-01  8.58560E-01
    29.00000  7.76651E-01  7.76651E-01
    30.00000  7.04762E-01  7.04762E-01
    31.00000  6.41410E-01  6.41410E-01
    32.00000  5.85370E-01  5.85370E-01
    33.00000  5.35618E-01  5.35618E-01
    34.00000  4.91301E-01  4.91301E-01
    35.00000  4.51698E-01  4.51698E-01
    36.00000  4.16201E-01  4.16201E-01
    37.00000  3.84294E-01  3.84294E-01
    38.00000  3.55535E-01  3.55535E-01
    39.00000  3.29549E-01  3.29549E-01
    40.00000  3.06009E-01  3.06009E-01
    41.00000  2.84635E-01  2.84635E-01
    42.00000  2.65186E-01  2.65186E-01
    43.00000  2.47451E-01  2.47451E-01
    44.00000  2.31245E-01  2.31245E-01
    45.00000  2.16408E-01  2.16408E-01
    46.00000  2.02799E-01  2.02799E-01
    47.00000  1.90295E-01  1.90295E-01
    48.00000  1.78786E-01  1.78786E-01
    49.00000  1.68176E-01  1.68176E-01
    50.00000  1.58379E-01  1.58379E-01
    51.00000  1.49319E-01  1.49319E-01
    52.00000  1.40928E-01  1.40928E-01
    53.00000  1.33147E-01  1.33147E-01
    54.00000  1.25921E-01  1.25921E-01
    55.00000  1.19201E-01  1.19201E-01
    56.00000  1.12945E-01  1.12945E-01
    57.00000  1.07114E-01  1.07114E-01
    58.00000  1.01672E-01  1.01672E-01
    59.00000  9.65869E-02  9.65869E-02
    60.00000  9.18310E-02  9.18310E-02
    61.00000  8.73779E-02  8.73779E-02
    62.00000  8.32042E-02  8.32042E-02
    63.00000  7.92883E-02  7.92883E-02
    64.00000  7.56108E-02  7.56108E-02
    65.00000  7.21541E-02  7.21541E-02
    66.00000  6.89018E-02  6.89018E-02
    67.00000  6.58391E-02  6.58391E-02
    68.00000  6.29527E-02  6.29527E-02
    69.00000  6.02300E-02  6.02300E-02
    70.00000  5.76597E-02  5.76597E-02
    71.00000  5.52314E-02  5.52314E-02
    72.00000  5.29354E-02  5.29354E-02
    73.00000  5.07630E-02  5.07630E-02
    74.00000  4.87060E-02  4.87060E-02
    75.00000  4.67569E-02  4.67569E-02
    76.00000  4.49088E-02  4.49088E-02
    77.00000  4.31553E-02  4.31553E-02
    78.00000  4.14904E-02  4.14904E-02
    79.00000  3.99087E-02  3.99087E-02
    80.00000  3.84051E-02  3.84051E-02
    81.00000  3.69748E-02  3.69748E-02
    82.00000  3.56135E-02  3.56135E-02
    83.00000  3.43172E-02  3.43172E-02
    84.00000  3.30819E-02  3.30819E-02
    85.00000  3.19043E-02  3.19043E-02
    86.00000  3.07809E-02  3.07809E-02
    87.00000  2.97088E-02  2.97088E-02
    88.00000  2.86850E-02  2.86850E-02
    89.00000  2.77069E-02  2.77069E-02
    90.00000  2.67720E-02  2.67720E-02
    91.00000  2.58780E-02  2.58780E-02
    92.00000  2.50227E-02  2.50227E-02
    93.00000  2.42040E-02  2.42040E-02
    94.00000  2.34200E-02  2.34200E-02
    95.00000  2.26688E-02  2.26688E-02
    96.00000  2.19489E-02  2.19489E-02
    97.00000  2.12587E-02  2.12587E-02
    98.00000  2.05965E-02  2.05965E-02
    99.00000  1.99611E-02  1.99611E-02
   100.00000  1.93511E-02  1.93511E-02
   101.00000  1.87652E-02  1.87652E-02
   102.00000  1.82023E-02  1.82023E-02
   103.00000  1.76613E-02  1.76613E-02
   104.00000  1.71411E-02  1.71411E-02
   105.00000  1.66408E-02  1.66408E-02
   106.00000  1.61594E-02  1.61594E-02
   107.00000  1.56960E-02  1.56960E-02
   108.00000  1.52499E-02  1.52499E-02
   109.00000  1.48201E-02  1.48201E-02
   110.00000  1.44061E-02  1.44061E-02
   111.00000  1.40071E-02  1.40071E-02
   112.00000  1.36224E-02  1.36224E-02
   113.00000  1.32513E-02  1.32513E-02
   114.00000  1.28934E-02  1.28934E-02
   115.00000  1.25480E-02  1.25480E-02
   116.00000  1.22146E-02  1.22146E-02
   117.00000  1.18927E-02  1.18927E-02
   118.00000  1.15818E-02  1.15818E-02
   119.00000  1.12814E-02  1.12814E-02
   120.00000  1.09911E-02  1.09911E-02
   121.00000  1.07105E-02  1.07105E-02
   122.00000  1.04391E-02  1.04391E-02
   123.00000  1.01767E-02  1.01767E-02
   124.00000  9.92284E-03  9.92284E-03
   125.00000  9.67717E-03  9.67717E-03
   126.00000  9.43939E-03  9.43939E-03
   127.00000  9.20917E-03  9.20917E-03
   128.00000  8.98623E-03  8.98623E-03
   129.00000  8.77029E-03  8.77029E-03
   130.00000  8.56107E-03  8.56107E-03
   131.00000  8.35831E-03  8.35831E-03
   132.00000  8.16178E-03  8.16178E-03
   133.00000  7.97124E-03  7.97124E-03
   134.00000  7.78647E-03  7.78647E-03
   135.00000  7.60724E-03  7.60724E-03
   136.00000  7.43336E-03  7.43336E-03
   137.00000  7.26464E-03  7.26464E-03
   138.00000  7.10087E-03  7.10087E-03
   139.00000  6.94190E-03  6.94190E-03
   140.00000  6.78753E-03  6.78753E-03
   141.00000  6.63761E-03  6.63761E-03
   142.00000  6.49199E-03  6.49199E-03
   143.00000  6.35051E-03  6.35051E-03
   144.00000  6.21302E-03  6.21302E-03
   145.00000  6.07939E-03  6.07939E-03
   146.00000  5.94948E-03  5.94948E-03
   147.00000  5.82317E-03  5.82317E-03
   148.00000  5.70034E-03  5.70034E-03
   149.00000  5.58086E-03  5.58086E-03
   150.00000  5.46463E-03  5.46463E-03
   151.00000  5.35154E-03  5.35154E-03
   152.00000  5.24147E-03  5.24147E-03
   153.00000  5.13434E-03  5.13434E-03
   154.00000  5.03005E-03  5.03005E-03
   155.00000  4.92851E-03  4.92851E-03
   156.00000  4.82962E-03  4.82962E-03
   157.00000  4.73330E-03  4.73330E-03
   158.00000  4.63947E-03  4.63947E-03
   159.00000  4.54805E-03  4.54805E-03
   160.00000  4.45897E-03  4.45897E-03
   161.00000  4.37215E-03  4.37215E-03
   162.00000  4.28752E-03  4.28752E-03
   163.00000  4.20501E-03  4.20501E-03
   164.00000  4.12456E-03  4.12456E-03
   165.00000  4.04611E-03  4.04611E-03
   166.00000  3.96959E-03  3.96959E-03
   167.00000  3.89494E-03  3.89494E-03
   168.00000  3.82211E-03  3.82211E-03
   169.00000  3.75105E-03  3.75105E-03
   170.00000  3.68170E-03  3.68170E-03
   171.00000  3.61402E-03  3.61402E-03
   172.00000  3.54794E-03  3.54794E-03
   173.00000  3.48343E-03  3.48343E-03
   174.00000  3.42044E-03  3.42044E-03
   175.00000  3.35892E-03  3.35892E-03
   176.00000  3.29884E-03  3.29884E-03
   177.00000  3.24015E-03  3.24015E-03
   178.00000  3.18281E-03  3.18281E-03
   179.00000  3.12679E-03  3.12679E-03
   180.00000  3.07205E-03  3.07205E-03
   181.00000  3.01854E-03  3.01854E-03
   182.00000  2.96625E-03  2.96625E-03
   183.00000  2.91513E-03  2.91513E-03
   184.00000  2.86515E-03  2.86515E-03
   185.00000  2.81628E-03  2.81628E-03
   186.00000  2.76849E-03  2.76849E-03
   187.00000  2.72176E-03  2.72176E-03
   188.00000  2.67604E-03  2.67604E-03
   189.00000  2.63132E-03  2.63132E-03
   190.00000  2.58757E-03  2.58757E-03
   191.00000  2.54476E-03  2.54476E-03
   192.00000  2.50287E-03  2.50287E-03
   193.00000  2.46187E-03  2.46187E-03
   194.00000  2.42175E-03  2.42175E-03
   195.00000  2.38247E-03  2.38247E-03
   196.00000  2.34402E-03  2.34402E-03
   197.00000  2.30637E-03  2.30637E-03
   198.00000  2.26950E-03  2.26950E-03
   199.00000  2.23340E-03  2.23340E-03
   200.00000  2.19804E-03  2.19804E-03
   201.00000  2.16340E-03  2.16340E-03
   202.00000  2.12947E-03  2.12947E-03
   203.00000  2.09624E-03  2.09624E-03
   204.00000  2.06367E-03  2.06367E-03
   205.00000  2.03176E-03  2.03176E-03
   206.00000  2.00049E-03  2.00049E-03
   207.00000  1.96984E-03  1.96984E-03
   208.00000  1.93980E-03  1.93980E-03
   209.00000  1.91035E-03  1.91035E-03
   210.00000  1.88149E-03  1.88149E-03
   211.00000  1.85319E-03  1.85319E-03
   212.00000  1.82544E-03  1.82544E-03
   213.00000  1.79822E-03  1.79822E-03
   214.00000  1.77154E-03  1.77154E-03
   215.00000  1.74537E-03  1.74537E-03
   216.00000  1.71970E-03  1.71970E-03
   217.00000  1.69451E-03  1.69451E-03
   218.00000  1.66981E-03  1.66981E-03
   219.00000  1.64557E-03  1.64557E-03
   220.00000  1.62179E-03  1.62179E-03
   221.00000  1.59845E-03  1.59845E-03
   222.00000  1.57555E-03  1.57555E-03
   223.00000  1.55308E-03  1.55308E-03
   224.00000  1.53102E-03  1.53102E-03
   225.00000  1.50936E-03  1.50936E-03
   226.00000  1.48810E-03  1.48810E-03
   227.00000  1.46723E-03  1.46723E-03
   228.00000  1.44674E-03  1.44674E-03
   229.00000  1.42662E-03  1.42662E-03
   230.00000  1.40686E-03  1.40686E-03
   231.00000  1.38746E-03  1.38746E-03
   232.00000  1.36840E-03  1.36840E-03
   233.00000  1.34968E-03  1.34968E-03
   234.00000  1.33129E-03  1.33129E-03
   235.00000  1.31323E-03  1.31323E-03
   236.00000  1.29549E-03  1.29549E-03
   237.00000  1.27805E-03  1.27805E-03
   238.00000  1.26092E-03  1.26092E-03
   239.00000  1.24409E-03  1.24409E-03
   240.00000  1.22755E-03  1.22755E-03
   241.00000  1.21129E-03  1.21129E-03
   242.00000  1.19531E-03  1.19531E-03
   243.00000  1.17961E-03  1.17961E-03
   244.00000  1.16417E-03  1.16417E-03
   245.00000  1.14899E-03  1.14899E-03
   246.00000  1.13407E-03  1.13407E-03
   247.00000  1.11941E-03  1.11941E-03
   248.00000  1.10498E-03  1.10498E-03
   249.00000  1.09080E-03  1.09080E-03
   250.00000  1.07686E-03  1.07686E-03
   251.00000  1.06314E-03  1.06314E-03
   252.00000  1.04965E-03  1.04965E-03
   253.00000  1.03639E-03  1.03639E-03
   254.00000  1.02334E-03  1.02334E-03
   255.00000  1.01050E-03  1.01050E-03
   256.00000  9.97871E-04  9.97871E-04
   257.00000  9.85446E-04  9.85446E-04
   258.00000  9.73223E-04  9.73223E-04
   259.00000  9.61195E-04  9.61195E-04
   260.00000  9.49360E-04  9.49360E-04
   261.00000  9.37713E-04  9.37713E-04
   262.00000  9.26252E-04  9.26252E-04
   263.00000  9.14972E-04  9.14972E-04
   264.00000  9.03869E-04  9.03869E-04
   265.00000  8.92941E-04  8.92941E-04
   266.00000  8.82184E-04  8.82184E-04
   267.00000  8.71595E-04  8.71595E-04
   268.00000  8.61171E-04  8.61171E-04
   269.00000  8.50908E-04  8.50908E-04
   270.00000  8.40803E-04  8.40803E-04
   271.00000  8.30854E-04  8.30854E-04
   272.00000  8.21058E-04  8.21058E-04
   273.00000  8.11411E-04  8.11411E-04
   274.00000  8.01911E-04  8.01911E-04
   275.00000  7.92555E-04  7.92555E-04
   276.00000  7.83340E-04  7.83340E-04
   277.00000  7.74265E-04  7.74265E-04
   278.00000  7.65325E-04  7.65325E-04
   279.00000  7.56520E-04  7.56520E-04
   280.00000  7.47845E-04  7.47845E-04
   281.00000  7.39300E-04  7.39300E-04
   282.00000  7.30881E-04  7.30881E-04
   283.00000  7.22586E-04  7.22586E-04
   284.00000  7.14413E-04  7.14413E-04
   285.00000  7.06360E-04  7.06360E-04
   286.00000  6.98425E-04  6.98425E-04
   287.00000  6.90604E-04  6.90604E-04
   288.00000  6.82898E-04  6.82898E-04
   289.00000  6.75302E-04  6.75302E-04
   290.00000  6.67816E-04  6.67816E-04
   291.00000  6.60437E-04  6.60437E-04
   292.00000  6.53164E-04  6.53164E-04
   293.00000  6.45994E-04  6.45994E-04
   294.00000  6.38926E-04  6.38926E-04
   295.00000  6.31959E-04  6.31959E-04
   296.00000  6.25089E-04  6.25089E-04
   297.00000  6.18316E-04  6.18316E-04
   298.00000  6.11639E-04  6.11639E-04
   299.00000  6.05054E-04  6.05054E-04
   300.00000  5.98561E-04  5.98561E-04
   301.00000  5.92159E-04  5.92159E-04
   302.00000  5.85845E-04  5.85845E-04
   303.00000  5.79619E-04  5.79619E-04
   304.00000  5.73478E-04  5.73478E-04
   305.00000  5.67421E-04  5.67421E-04
   306.00000  5.61447E-04  5.61447E-04
   307.00000  5.55555E-04  5.55555E-04
   308.00000  5.49743E-04  5.49743E-04
   309.00000  5.44010E-04  5.44010E-04
   310.00000  5.38354E-04  5.38354E-04
   311.00000  5.32774E-04  5.32774E-04
   312.00000  5.27270E-04  5.27270E-04
   313.00000  5.21839E-04  5.21839E-04
   314.00000  5.16480E-04  5.16480E-04
   315.00000  5.11193E-04  5.11193E-04
   316.00000  5.05976E-04  5.05976E-04
   317.00000  5.00828E-04  5.00828E-04
   318.00000  4.95747E-04  4.95747E-04
   319.00000  4.90734E-04  4.90734E-04
   320.00000  4.85786E-04  4.85786E-04
   321.00000  4.80902E-04  4.80902E-04
   322.00000  4.76082E-04  4.76082E-04
   323.00000  4.71325E-04  4.71325E-04
   324.00000  4.66629E-04  4.66629E-04
   325.00000  4.61994E-04  4.61994E-04
   326.00000  4.57418E-04  4.57418E-04
   327.00000  4.52901E-04  4.52901E-04
   328.00000  4.48442E-04  4.48442E-04
   329.00000  4.44039E-04  4.44039E-04
   330.00000  4.39692E-04  4.39692E-04
   331.00000  4.35401E-04  4.35401E-04
   332.00000  4.31163E-04  4.31163E-04
   333.00000  4.26979E-04  4.26979E-04
   334.00000  4.22847E-04  4.22847E-04
   335.00000  4.18768E-04  4.18768E-04
   336.00000  4.14739E-04  4.14739E-04
   337.00000  4.10760E-04  4.10760E-04
   338.00000  4.06831E-04  4.06831E-04
   339.00000  4.02950E-04  4.02950E-04
   340.00000  3.99117E-04  3.99117E-04
   341.00000  3.95332E-04  3.95332E-04
   342.00000  3.91593E-04  3.91593E-04
   343.00000  3.87900E-04  3.87900E-04
   344.00000  3.84252E-04  3.84252E-04
   345.00000  3.80648E-04  3.80648E-04
   346.00000  3.77089E-04  3.77089E-04
   347.00000  3.73572E-04  3.73572E-04
   348.00000  3.70098E-04  3.70098E-04
   349.00000  3.66666E-04  3.66666E-04
   350.00000  3.63275E-04  3.63275E-04
   351.00000  3.59924E-04  3.59924E-04
   352.00000  3.56614E-04  3.56614E-04
   353.00000  3.53343E-04  3.53343E-04
   354.00000  3.50111E-04  3.50111E-04
   355.00000  3.46917E-04  3.46917E-04
   356.00000  3.43761E-04  3.43761E-04
   357.00000  3.40642E-04  3.40642E-04
   358.00000  3.37560E-04  3.37560E-04
   359.00000  3.34514E-04  3.34514E-04
   360.00000  3.31503E-04  3.31503E-04
   361.00000  3.28527E-04  3.28527E-04
   362.00000  3.25586E-04  3.25586E-04
   363.00000  3.22679E-04  3.22679E-04
   364.00000  3.19806E-04  3.19806E-04
   365.00000  3.16965E-04  3.16965E-04
   366.00000  3.14158E-04  3.14158E-04
   367.00000  3.11382E-04  3.11382E-04
   368.00000  3.08638E-04  3.08638E-04
   369.00000  3.05925E-04  3.05925E-04
   370.00000  3.03244E-04  3.03244E-04
   371.00000  3.00592E-04  3.00592E-04
   372.00000  2.97971E-04  2.97971E-04
   373.00000  2.95379E-04  2.95379E-04
   374.00000  2.92816E-04  2.92816E-04
   375.00000  2.90283E-04  2.90283E-04
   376.00000  2.87777E-04  2.87777E-04
   377.00000  2.85300E-04  2.85300E-04
   378.00000  2.82850E-04  2.82850E-04
   379.00000  2.80427E-04  2.80427E-04
   380.00000  2.78032E-04  2.78032E-04
   381.00000  2.75662E-04  2.75662E-04
   382.00000  2.73319E-04  2.73319E-04
   383.00000  2.71002E-04  2.71002E-04
   384.00000  2.68710E-04  2.68710E-04
   385.00000  2.66444E-04  2.66444E-04
   386.00000  2.64202E-04  2.64202E-04
   387.00000  2.61984E-04  2.61984E-04
   388.00000  2.59791E-04  2.59791E-04
   389.00000  2.57622E-04  2.57622E-04
   390.00000  2.55476E-04  2.55476E-04
   391.00000  2.53353E-04  2.53353E-04
   392.00000  2.51253E-04  2.51253E-04
   393.00000  2.49175E-04  2.49175E-04
   394.00000  2.47120E-04  2.47120E-04
   395.00000  2.45086E-04  2.45086E-04
   396.00000  2.43075E-04  2.43075E-04
   397.00000  2.41084E-04  2.41084E-04
   398.00000  2.39115E-04  2.39115E-04
   399.00000  2.37166E-04  2.37166E-04
   400.00000  2.35238E-04  2.35238E-04
   401.00000  2.33331E-04  2.33331E-04
   402.00000  2.31443E-04  2.31443E-04
   403.00000  2.29575E-04  2.29575E-04
   404.00000  2.27726E-04  2.27726E-04
   405.00000  2.25897E-04  2.25897E-04
   406.00000  2.24087E-04  2.24087E-04
   407.00000  2.22295E-04  2.22295E-04
   408.00000  2.20522E-04  2.20522E-04
   409.00000  2.18768E-04  2.18768E-04
   410.00000  2.17031E-04  2.17031E-04
   411.00000  2.15312E-04  2.15312E-04
   412.00000  2.13611E-04  2.13611E-04
   413.00000  2.11927E-04  2.11927E-04
   414.00000  2.10261E-04  2.10261E-04
   415.00000  2.08611E-04  2.08611E-04
   416.00000  2.06978E-04  2.06978E-04
   417.00000  2.05362E-04  2.05362E-04
   418.00000  2.03762E-04  2.03762E-04
   419.00000  2.02178E-04  2.02178E-04
   420.00000  2.00610E-04  2.00610E-04
   421.00000  1.99058E-04  1.99058E-04
   422.00000  1.97521E-04  1.97521E-04
   423.00000  1.96000E-04  1.96000E-04
   424.00000  1.94494E-04  1.94494E-04
   425.00000  1.93003E-04  1.93003E-04
   426.00000  1.91527E-04  1.91527E-04
   427.00000  1.90065E-04  1.90065E-04
   428.00000  1.88618E-04  1.88618E-04
   429.00000  1.87185E-04  1.87185E-04
   430.00000  1.85766E-04  1.85766E-04
   431.00000  1.84362E-04  1.84362E-04
   432.00000  1.82971E-04  1.82971E-04
   433.00000  1.81593E-04  1.81593E-04
   434.00000  1.80229E-04  1.80229E-04
   435.00000  1.78878E-04  1.78878E-04
   436.00000  1.77540E-04  1.77540E-04
   437.00000  1.76215E-04  1.76215E-04
   438.00000  1.74903E-04  1.74903E-04
   439.00000  1.73604E-04  1.73604E-04
   440.00000  1.72317E-04  1.72317E-04
   441.00000  1.71042E-04  1.71042E-04
   442.00000  1.69780E-04  1.69780E-04
   443.00000  1.68529E-04  1.68529E-04
   444.00000  1.67291E-04  1.67291E-04
   445.00000  1.66064E-04  1.66064E-04
   446.00000  1.64849E-04  1.64849E-04
   447.00000  1.63645E-04  1.63645E-04
   448.00000  1.62453E-04  1.62453E-04
   449.00000  1.61272E-04  1.61272E-04
   450.00000  1.60102E-04  1.60102E-04
   451.00000  1.58943E-04  1.58943E-04
   452.00000  1.57795E-04  1.57795E-04
   453.00000  1.56657E-04  1.56657E-04
   454.00000  1.55531E-04  1.55531E-04
   455.00000  1.54414E-04  1.54414E-04
   456.00000  1.53308E-04  1.53308E-04
   457.00000  1.52213E-04  1.52213E-04
   458.00000  1.51127E-04  1.51127E-04
   459.00000  1.50052E-04  1.50052E-04
   460.00000  1.48986E-04  1.48986E-04
   461.00000  1.47930E-04  1.47930E-04
   462.00000  1.46884E-04  1.46884E-04
   463.00000  1.45848E-04  1.45848E-04
   464.00000  1.44821E-04  1.44821E-04
   465.00000  1.43803E-04  1.43803E-04
   466.00000  1.42795E-04  1.42795E-04
   467.00000  1.41796E-04  1.41796E-04
   468.00000  1.40806E-04  1.40806E-04
   469.00000  1.39825E-04  1.39825E-04
   470.00000  1.38852E-04  1.38852E-04
   471.00000  1.37889E-04  1.37889E-04
   472.00000  1.36934E-04  1.36934E-04
   473.00000  1.35988E-04  1.35988E-04
   474.00000  1.35050E-04  1.35050E-04
   475.00000  1.34120E-04  1.34120E-04
   476.00000  1.33199E-04  1.33199E-04
   477.00000  1.32286E-04  1.32286E-04
   478.00000  1.31381E-04  1.31381E-04
   479.00000  1.30484E-04  1.30484E-04
   480.00000  1.29595E-04  1.29595E-04
   481.00000  1.28714E-04  1.28714E-04
   482.00000  1.27840E-04  1.27840E-04
   483.00000  1.26974E-04  1.26974E-04
   484.00000  1.26116E-04  1.26116E-04
   485.00000  1.25265E-04  1.25265E-04
   486.00000  1.24422E-04  1.24422E-04
   487.00000  1.23586E-04  1.23586E-04
   488.00000  1.22757E-04  1.22757E-04
   489.00000  1.21935E-04  1.21935E-04
   490.00000  1.21121E-04  1.21121E-04
   491.00000  1.20313E-04  1.20313E-04
   492.00000  1.19513E-04  1.19513E-04
   493.00000  1.18719E-04  1.18719E-04
   494.00000  1.17932E-04  1.17932E-04
   495.00000  1.17152E-04  1.17152E-04
   496.00000  1.16378E-04  1.16378E-04
   497.00000  1.15611E-04  1.15611E-04
   498.00000  1.14851E-04  1.14851E-04
   499.00000  1.14097E-04  1.14097E-04
   500.00000  1.13350E-04  1.13350E-04
   501.00000  1.12609E-04  1.12609E-04
   502.00000  1.11874E-04  1.11874E-04
   503.00000  1.11145E-04  1.11145E-04
   504.00000  1.10423E-04  1.10423E-04
   505.00000  1.09707E-04  1.09707E-04
   506.00000  1.08996E-04  1.08996E-04
   507.00000  1.08292E-04  1.08292E-04
   508.00000  1.07593E-04  1.07593E-04
   509.00000  1.06901E-04  1.06901E-04
   510.00000  1.06214E-04  1.06214E-04
   511.00000  1.05533E-04  1.05533E-04
   512.00000  1.04858E-04  1.04858E-04
   513.00000  1.04188E-04  1.04188E-04
   514.00000  1.03524E-04  1.03524E-04
   515.00000  1.02865E-04  1.02865E-04
   516.00000  1.02212E-04  1.02212E-04
   517.00000  1.01564E-04  1.01564E-04
   518.00000  1.00921E-04  1.00921E-04
   519.00000  1.00284E-04  1.00284E-04
   520.00000  9.96517E-05  9.96517E-05
   521.00000  9.90247E-05  9.90247E-05
   522.00000  9.84029E-05  9.84029E-05
   523.00000  9.77860E-05  9.77860E-05
   524.00000  9.71742E-05  9.71742E-05
   525.00000  9.65673E-05  9.65673E-05
   526.00000  9.59653E-05  9.59653E-05
   527.00000  9.53681E-05  9.53681E-05
   528.00000  9.47757E-05  9.47757E-05
   529.00000  9.41881E-05  9.41881E-05
   530.00000  9.36051E-05  9.36051E-05
   531.00000  9.30268E-05  9.30268E-05
   532.00000  9.24531E-05  9.24531E-05
   533.00000  9.18840E-05  9.18840E-05
   534.00000  9.13193E-05  9.13193E-05
   535.00000  9.07591E-05  9.07591E-05
   536.00000  9.02034E-05  9.02034E-05
   537.00000  8.96520E-05  8.96520E-05
   538.00000  8.91050E-05  8.91050E-05
   539.00000  8.85623E-05  8.85623E-05
   540.00000  8.80238E-05  8.80238E-05
   541.00000  8.74896E-05  8.74896E-05
   542.00000  8.69595E-05  8.69595E-05
   543.00000  8.64336E-05  8.64336E-05
   544.00000  8.59118E-05  8.59118E-05
   545.00000  8.53941E-05  8.53941E-05
   546.00000  8.48804E-05  8.48804E-05
   547.00000  8.43707E-05  8.43707E-05
   548.00000  8.38650E-05  8.38650E-05
   549.00000  8.33632E-05  8.33632E-05
   550.00000  8.28653E-05  8.28653E-05
   551.00000  8.23712E-05  8.23712E-05
   552.00000  8.18810E-05  8.18810E-05
   553.00000  8.13945E-05  8.13945E-05
   554.00000  8.09119E-05  8.09119E-05
   555.00000  8.04329E-05  8.04329E-05
   556.00000  7.99576E-05  7.99576E-05
   557.00000  7.94860E-05  7.94860E-05
   558.00000  7.90180E-05  7.90180E-05
   559.00000  7.85535E-05  7.85535E-05
   560.00000  7.80926E-05  7.80926E-05
   561.00000  7.76353E-05  7.76353E-05
   562.00000  7.71814E-05  7.71814E-05
   563.00000  7.67309E-05  7.67309E-05
   564.00000  7.62839E-05  7.62839E-05
   565.00000  7.58402E-05  7.58402E-05
   566.00000  7.53999E-05  7.53999E-05
   567.00000  7.49629E-05  7.49629E-05
   568.00000  7.45292E-05  7.45292E-05
   569.00000  7.40988E-05  7.40988E-05
   570.00000  7.36715E-05  7.36715E-05
   571.00000  7.32475E-05  7.32475E-05
   572.00000  7.28266E-05  7.28266E-05
   573.00000  7.24088E-05  7.24088E-05
   574.00000  7.19941E-05  7.19941E-05
   575.00000  7.15825E-05  7.15825E-05
   576.00000  7.11740E-05  7.11740E-05
   577.00000  7.07684E-05  7.07684E-05
   578.00000  7.03658E-05  7.03658E-05
   579.00000  6.99662E-05  6.99662E-05
   580.00000  6.95695E-05  6.95695E-05
   581.00000  6.91757E-05  6.91757E-05
   582.00000  6.87848E-05  6.87848E-05
   583.00000  6.83967E-05  6.83967E-05
   584.00000  6.80115E-05  6.80115E-05
   585.00000  6.76290E-05  6.76290E-05
   586.00000  6.72493E-05  6.72493E-05
   587.00000  6.68724E-05  6.68724E-05
   588.00000  6.64981E-05  6.64981E-05
   589.00000  6.61266E-05  6.61266E-05
   590.00000  6.57578E-05  6.57578E-05
   591.00000  6.53916E-05  6.53916E-05
   592.00000  6.50280E-05  6.50280E-05
   593.00000  6.46671E-05  6.46671E-05
   594.00000  6.43087E-05  6.43087E-05
   595.00000  6.39529E-05  6.39529E-05
   596.00000  6.35997E-05  6.35997E-05
   597.00000  6.32489E-05  6.32489E-05
   598.00000  6.29007E-05  6.29007E-05
   599.00000  6.25549E-05  6.25549E-05
   600.00000  6.22116E-05  6.22116E-05
   601.00000  6.18708E-05  6.18708E-05
   602.00000  6.15323E-05  6.15323E-05
   603.00000  6.11962E-05  6.11962E-05
   604.00000  6.08626E-05  6.08626E-05
   605.00000  6.05312E-05  6.05312E-05
   606.00000  6.02022E-05  6.02022E-05
   607.00000  5.98756E-05  5.98756E-05
   608.00000  5.95512E-05  5.95512E-05
   609.00000  5.92291E-05  5.92291E-05
   610.00000  5.89092E-05  5.89092E-05
   611.00000  5.85916E-05  5.85916E-05
   612.00000  5.82762E-05  5.82762E-05
   613.00000  5.79630E-05  5.79630E-05
   614.00000  5.76519E-05  5.76519E-05
   615.00000  5.73431E-05  5.73431E-05
   616.00000  5.70363E-05  5.70363E-05
   617.00000  5.67317E-05  5.67317E-05
   618.00000  5.64292E-05  5.64292E-05
   619.00000  5.61288E-05  5.61288E-05
   620.00000  5.58305E-05  5.58305E-05
   621.00000  5.55342E-05  5.55342E-05
   622.00000  5.52399E-05  5.52399E-05
   623.00000  5.49476E-05  5.49476E-05
   624.00000  5.46574E-05  5.46574E-05
   625.00000  5.43691E-05  5.43691E-05
   626.00000  5.40828E-05  5.40828E-05
   627.00000  5.37985E-05  5.37985E-05
   628.00000  5.35161E-05  5.35161E-05
   629.00000  5.32356E-05  5.32356E-05
   630.00000  5.29570E-05  5.29570E-05
   631.00000  5.26803E-05  5.26803E-05
   632.00000  5.24054E-05  5.24054E-05
   633.00000  5.21324E-05  5.21324E-05
   634.00000  5.18613E-05  5.18613E-05
   635.00000  5.15920E-05  5.15920E-05
   636.00000  5.13245E-05  5.13245E-05
   637.00000  5.10588E-05  5.10588E-05
   638.00000  5.07949E-05  5.07949E-05
   639.00000  5.05328E-05  5.05328E-05
   640.00000  5.02724E-05  5.02724E-05
   641.00000  5.00137E-05  5.00137E-05
   642.00000  4.97568E-05  4.97568E-05
   643.00000  4.95016E-05  4.95016E-05
   644.00000  4.92481E-05  4.92481E-05
   645.00000  4.89963E-05  4.89963E-05
   646.00000  4.87462E-05  4.87462E-05
   647.00000  4.84977E-05  4.84977E-05
   648.00000  4.82509E-05  4.82509E-05
   649.00000  4.80057E-05  4.80057E-05
   650.00000  4.77621E-05  4.77621E-05
   651.00000  4.75201E-05  4.75201E-05
   652.00000  4.72797E-05  4.72797E-05
   653.00000  4.70409E-05  4.70409E-05
   654.00000  4.68036E-05  4.68036E-05
   655.00000  4.65679E-05  4.65679E-05
   656.00000  4.63337E-05  4.63337E-05
   657.00000  4.61011E-05  4.61011E-05
   658.00000  4.58699E-05  4.58699E-05
   659.00000  4.56403E-05  4.56403E-05
   660.00000  4.54121E-05  4.54121E-05
   661.00000  4.51854E-05  4.51854E-05
   662.00000  4.49602E-05  4.49602E-05
   663.00000  4.47364E-05  4.47364E-05
   664.00000  4.45140E-05  4.45140E-05
   665.00000  4.42931E-05  4.42931E-05
   666.00000  4.40735E-05  4.40735E-05
   667.00000  4.38554E-05  4.38554E-05
   668.00000  4.36386E-05  4.36386E-05
   669.00000  4.34232E-05  4.34232E-05
   670.00000  4.32092E-05  4.32092E-05
   671.00000  4.29965E-05  4.29965E-05
   672.00000  4.27852E-05  4.27852E-05
   673.00000  4.25752E-05  4.25752E-05
   674.00000  4.23665E-05  4.23665E-05
   675.00000  4.21591E-05  4.21591E-05
   676.00000  4.19530E-05  4.19530E-05
   677.00000  4.17483E-05  4.17483E-05
   678.00000  4.15447E-05  4.15447E-05
   679.00000  4.13425E-05  4.13425E-05
   680.00000  4.11415E-05  4.11415E-05
   681.00000  4.09418E-05  4.09418E-05
   682.00000  4.07433E-05  4.07433E-05
   683.00000  4.05461E-05  4.05461E-05
   684.00000  4.03501E-05  4.03501E-05
   685.00000  4.01553E-05  4.01553E-05
   686.00000  3.99617E-05  3.99617E-05
   687.00000  3.97693E-05  3.97693E-05
   688.00000  3.95781E-05  3.95781E-05
   689.00000  3.93882E-05  3.93882E-05
   690.00000  3.91994E-05  3.91994E-05
   691.00000  3.90117E-05  3.90117E-05
   692.00000  3.88253E-05  3.88253E-05
   693.00000  3.86400E-05  3.86400E-05
   694.00000  3.84558E-05  3.84558E-05
   695.00000  3.82728E-05  3.82728E-05
   696.00000  3.80909E-05  3.80909E-05
   697.00000  3.79102E-05  3.79102E-05
   698.00000  3.77306E-05  3.77306E-05
   699.00000  3.75521E-05  3.75521E-05
   700.00000  3.73747E-05  3.73747E-05
   701.00000  3.71984E-05  3.71984E-05
   702.00000  3.70232E-05  3.70232E-05
   703.00000  3.68491E-05  3.68491E-05
   704.00000  3.66760E-05  3.66760E-05
   705.00000  3.65041E-05  3.65041E-05
   706.00000  3.63331E-05  3.63331E-05
   707.00000  3.61633E-05  3.61633E-05
   708.00000  3.59944E-05  3.59944E-05
   709.00000  3.58266E-05  3.58266E-05
   710.00000  3.56599E-05  3.56599E-05
   711.00000  3.54941E-05  3.54941E-05
   712.00000  3.53294E-05  3.53294E-05
   713.00000  3.51656E-05  3.51656E-05
   714.00000  3.50029E-05  3.50029E-05
   715.00000  3.48411E-05  3.48411E-05
   716.00000  3.46803E-05  3.46803E-05
   717.00000  3.45204E-05  3.45204E-05
   718.00000  3.43615E-05  3.43615E-05
   719.00000  3.42036E-05  3.42036E-05
   720.00000  3.40466E-05  3.40466E-05
   721.00000  3.38905E-05  3.38905E-05
   722.00000  3.37354E-05  3.37354E-05
   723.00000  3.35812E-05  3.35812E-05
   724.00000  3.34279E-05  3.34279E-05
   725.00000  3.32754E-05  3.32754E-05
   726.00000  3.31239E-05  3.31239E-05
   727.00000  3.29733E-05  3.29733E-05
   728.00000  3.28235E-05  3.28235E-05
   729.00000  3.26746E-05  3.26746E-05
   730.00000  3.25265E-05  3.25265E-05
   731.00000  3.23794E-05  3.23794E-05
   732.00000  3.22330E-05  3.22330E-05
   733.00000  3.20875E-05  3.20875E-05
   734.00000  3.19429E-05  3.19429E-05
   735.00000  3.17990E-05  3.17990E-05
   736.00000  3.16560E-05  3.16560E-05
   737.00000  3.15138E-05  3.15138E-05
   738.00000  3.13725E-05  3.13725E-05
   739.00000  3.12319E-05  3.12319E-05
   740.00000  3.10921E-05  3.10921E-05
   741.00000  3.09532E-05  3.09532E-05
   742.00000  3.08150E-05  3.08150E-05
   743.00000  3.06776E-05  3.06776E-05
   744.00000  3.05410E-05  3.05410E-05
   745.00000  3.04051E-05  3.04051E-05
   746.00000  3.02701E-05  3.02701E-05
   747.00000  3.01358E-05  3.01358E-05
   748.00000  3.00023E-05  3.00023E-05
   749.00000  2.98695E-05  2.98695E-05
   750.00000  2.97375E-05  2.97375E-05
   751.00000  2.96062E-05  2.96062E-05
   752.00000  2.94757E-05  2.94757E-05
   753.00000  2.93459E-05  2.93459E-05
   754.00000  2.92168E-05  2.92168E-05
   755.00000  2.90885E-05  2.90885E-05
   756.00000  2.89609E-05  2.89609E-05
   757.00000  2.88341E-05  2.88341E-05
   758.00000  2.87079E-05  2.87079E-05
   759.00000  2.85825E-05  2.85825E-05
   760.00000  2.84578E-05  2.84578E-05
   761.00000  2.83338E-05  2.83338E-05
   762.00000  2.82104E-05  2.82104E-05
   763.00000  2.80878E-05  2.80878E-05
   764.00000  2.79659E-05  2.79659E-05
   765.00000  2.78447E-05  2.78447E-05
   766.00000  2.77241E-05  2.77241E-05
   767.00000  2.76043E-05  2.76043E-05
   768.00000  2.74851E-05  2.74851E-05
   769.00000  2.73666E-05  2.73666E-05
   770.00000  2.72487E-05  2.72487E-05
   771.00000  2.71315E-05  2.71315E-05
   772.00000  2.70150E-05  2.70150E-05
   773.00000  2.68991E-05  2.68991E-05
   774.00000  2.67839E-05  2.67839E-05
   775.00000  2.66693E-05  2.66693E-05
   776.00000  2.65554E-05  2.65554E-05
   777.00000  2.64421E-05  2.64421E-05
   778.00000  2.63294E-05  2.63294E-05
   779.00000  2.62174E-05  2.62174E-05
   780.00000  2.61060E-05  2.61060E-05
   781.00000  2.59952E-05  2.59952E-05
   782.00000  2.58850E-05  2.58850E-05
   783.00000  2.57754E-05  2.57754E-05
   784.00000  2.56664E-05  2.56664E-05
   785.00000  2.55580E-05  2.55580E-05
   786.00000  2.54502E-05  2.54502E-05
   787.00000  2.53431E-05  2.53431E-05
   788.00000  2.52365E-05  2.52365E-05
   789.00000  2.51305E-05  2.51305E-05
   790.00000  2.50250E-05  2.50250E-05
   791.00000  2.49202E-05  2.49202E-05
   792.00000  2.48159E-05  2.48159E-05
   793.00000  2.47122E-05  2.47122E-05
   794.00000  2.46090E-05  2.46090E-05
   795.00000  2.45064E-05  2.45064E-05
   796.00000  2.44044E-05  2.44044E-05
   797.00000  2.43029E-05  2.43029E-05
   798.00000  2.42020E-05  2.42020E-05
   799.00000  2.41016E-05  2.41016E-05
   800.00000  2.40018E-05  2.40018E-05
   801.00000  2.39025E-05  2.39025E-05
   802.00000  2.38037E-05  2.38037E-05
   803.00000  2.37054E-05  2.37054E-05
   804.00000  2.36077E-05  2.36077E-05
   805.00000  2.35105E-05  2.35105E-05
   806.00000  2.34139E-05  2.34139E-05
   807.00000  2.33177E-05  2.33177E-05
   808.00000  2.32220E-05  2.32220E-05
   809.00000  2.31269E-05  2.31269E-05
   810.00000  2.30323E-05  2.30323E-05
   811.00000  2.29381E-05  2.29381E-05
   812.00000  2.28445E-05  2.28445E-05
   813.00000  2.27513E-05  2.27513E-05
   814.00000  2.26587E-05  2.26587E-05
   815.00000  2.25665E-05  2.25665E-05
   816.00000  2.24748E-05  2.24748E-05
   817.00000  2.23836E-05  2.23836E-05
   818.00000  2.22928E-05  2.22928E-05
   819.00000  2.22025E-05  2.22025E-05
   820.00000  2.21127E-05  2.21127E-05
   821.00000  2.20234E-05  2.20234E-05
   822.00000  2.19345E-05  2.19345E-05
   823.00000  2.18461E-05  2.18461E-05
   824.00000  2.17581E-05  2.17581E-05
   825.00000  2.16706E-05  2.16706E-05
   826.00000  2.15835E-05  2.15835E-05
   827.00000  2.14969E-05  2.14969E-05
   828.00000  2.14107E-05  2.14107E-05
   829.00000  2.13249E-05  2.13249E-05
   830.00000  2.12396E-05  2.12396E-05
   831.00000  2.11547E-05  2.11547E-05
   832.00000  2.10702E-05  2.10702E-05
   833.00000  2.09862E-05  2.09862E-05
   834.00000  2.09025E-05  2.09025E-05
   835.00000  2.08194E-05  2.08194E-05
   836.00000  2.07366E-05  2.07366E-05
   837.00000  2.06542E-05  2.06542E-05
   838.00000  2.05723E-05  2.05723E-05
   839.00000  2.04907E-05  2.04907E-05
   840.00000  2.04096E-05  2.04096E-05
   841.00000  2.03289E-05  2.03289E-05
   842.00000  2.02485E-05  2.02485E-05
   843.00000  2.01686E-05  2.01686E-05
   844.00000  2.00891E-05  2.00891E-05
   845.00000  2.00100E-05  2.00100E-05
   846.00000  1.99313E-05  1.99313E-05
   847.00000  1.98529E-05  1.98529E-05
   848.00000  1.97750E-05  1.97750E-05
   849.00000  1.96975E-05  1.96975E-05
   850.00000  1.96203E-05  1.96203E-05
   851.00000  1.95436E-05  1.95436E-05
   852.00000  1.94672E-05  1.94672E-05
   853.00000  1.93912E-05  1.93912E-05
   854.00000  1.93156E-05  1.93156E-05
   855.00000  1.92404E-05  1.92404E-05
   856.00000  1.91656E-05  1.91656E-05
   857.00000  1.90911E-05  1.90911E-05
   858.00000  1.90171E-05  1.90171E-05
   859.00000  1.89434E-05  1.89434E-05
   860.00000  1.88701E-05  1.88701E-05
   861.00000  1.87971E-05  1.87971E-05
   862.00000  1.87246E-05  1.87246E-05
   863.00000  1.86524E-05  1.86524E-05
   864.00000  1.85805E-05  1.85805E-05
   865.00000  1.85091E-05  1.85091E-05
   866.00000  1.84380E-05  1.84380E-05
   867.00000  1.83673E-05  1.83673E-05
   868.00000  1.82969E-05  1.82969E-05
   869.00000  1.82269E-05  1.82269E-05
   870.00000  1.81573E-05  1.81573E-05
   871.00000  1.80880E-05  1.80880E-05
   872.00000  1.80191E-05  1.80191E-05
   873.00000  1.79505E-05  1.79505E-05
   874.00000  1.78823E-05  1.78823E-05
   875.00000  1.78144E-05  1.78144E-05
   876.00000  1.77468E-05  1.77468E-05
   877.00000  1.76796E-05  1.76796E-05
   878.00000  1.76128E-05  1.76128E-05
   879.00000  1.75463E-05  1.75463E-05
   880.00000  1.74801E-05  1.74801E-05
   881.00000  1.74142E-05  1.74142E-05
   882.00000  1.73487E-05  1.73487E-05
   883.00000  1.72835E-05  1.72835E-05
   884.00000  1.72187E-05  1.72187E-05
   885.00000  1.71541E-05  1.71541E-05
   886.00000  1.70899E-05  1.70899E-05
   887.00000  1.70260E-05  1.70260E-05
   888.00000  1.69624E-05  1.69624E-05
   889.00000  1.68991E-05  1.68991E-05
   890.00000  1.68361E-05  1.68361E-05
   891.00000  1.67734E-05  1.67734E-05
   892.00000  1.67110E-05  1.67110E-05
   893.00000  1.66489E-05  1.66489E-05
   894.00000  1.65871E-05  1.65871E-05
   895.00000  1.65257E-05  1.65257E-05
   896.00000  1.64645E-05  1.64645E-05
   897.00000  1.64035E-05  1.64035E-05
   898.00000  1.63429E-05  1.63429E-05
   899.00000  1.62826E-05  1.62826E-05
   900.00000  1.62225E-05  1.62225E-05
   901.00000  1.61628E-05  1.61628E-05
   902.00000  1.61033E-05  1.61033E-05
   903.00000  1.60440E-05  1.60440E-05
   904.00000  1.59851E-05  1.59851E-05
   905.00000  1.59264E-05  1.59264E-05
   906.00000  1.58680E-05  1.58680E-05
   907.00000  1.58098E-05  1.58098E-05
   908.00000  1.57520E-05  1.57520E-05
   909.00000  1.56944E-05  1.56944E-05
   910.00000  1.56370E-05  1.56370E-05
   911.00000  1.55799E-05  1.55799E-05
   912.00000  1.55231E-05  1.55231E-05
   913.00000  1.54665E-05  1.54665E-05
   914.00000  1.54102E-05  1.54102E-05
   915.00000  1.53541E-05  1.53541E-05
   916.00000  1.52983E-05  1.52983E-05
   917.00000  1.52428E-05  1.52428E-05
   918.00000  1.51875E-05  1.51875E-05
   919.00000  1.51324E-05  1.51324E-05
   920.00000  1.50776E-05  1.50776E-05
   921.00000  1.50231E-05  1.50231E-05
   922.00000  1.49688E-05  1.49688E-05
   923.00000  1.49147E-05  1.49147E-05
   924.00000  1.48609E-05  1.48609E-05
   925.00000  1.48074E-05  1.48074E-05
   926.00000  1.47540E-05  1.47540E-05
   927.00000  1.47009E-05  1.47009E-05
   928.00000  1.46481E-05  1.46481E-05
   929.00000  1.45955E-05  1.45955E-05
   930.00000  1.45431E-05  1.45431E-05
   931.00000  1.44910E-05  1.44910E-05
   932.00000  1.44391E-05  1.44391E-05
   933.00000  1.43875E-05  1.43875E-05
   934.00000  1.43361E-05  1.43361E-05
   935.00000  1.42849E-05  1.42849E-05
   936.00000  1.42340E-05  1.42340E-05
   937.00000  1.41833E-05  1.41833E-05
   938.00000  1.41328E-05  1.41328E-05
   939.00000  1.40826E-05  1.40826E-05
   940.00000  1.40325E-05  1.40325E-05
   941.00000  1.39828E-05  1.39828E-05
   942.00000  1.39332E-05  1.39332E-05
   943.00000  1.38839E-05  1.38839E-05
   944.00000  1.38348E-05  1.38348E-05
   945.00000  1.37859E-05  1.37859E-05
   946.00000  1.37373E-05  1.37373E-05
   947.00000  1.36889E-05  1.36889E-05
   948.00000  1.36407E-05  1.36407E-05
   949.00000  1.35927E-05  1.35927E-05
   950.00000  1.35449E-05  1.35449E-05
   951.00000  1.34974E-05  1.34974E-05
   952.00000  1.34501E-05  1.34501E-05
   953.00000  1.34030E-05  1.34030E-05
   954.00000  1.33561E-05  1.33561E-05
   955.00000  1.33094E-05  1.33094E-05
   956.00000  1.32630E-05  1.32630E-05
   957.00000  1.32167E-05  1.32167E-05
   958.00000  1.31707E-05  1.31707E-05
   959.00000  1.31249E-05  1.31249E-05
   960.00000  1.30793E-05  1.30793E-05
   961.00000  1.30339E-05  1.30339E-05
   962.00000  1.29887E-05  1.29887E-05
   963.00000  1.29437E-05  1.29437E-05
   964.00000  1.28990E-05  1.28990E-05
   965.00000  1.28544E-05  1.28544E-05
   966.00000  1.28101E-05  1.28101E-05
   967.00000  1.27659E-05  1.27659E-05
   968.00000  1.27220E-05  1.27220E-05
   969.00000  1.26782E-05  1.26782E-05
   970.00000  1.26347E-05  1.26347E-05
   971.00000  1.25913E-05  1.25913E-05
   972.00000  1.25482E-05  1.25482E-05
   973.00000  1.25052E-05  1.25052E-05
   974.00000  1.24625E-05  1.24625E-05
   975.00000  1.24199E-05  1.24199E-05
   976.00000  1.23776E-05  1.23776E-05
   977.00000  1.23354E-05  1.23354E-05
   978.00000  1.22934E-05  1.22934E-05
   979.00000  1.22517E-05  1.22517E-05
   980.00000  1.22101E-05  1.22101E-05
   981.00000  1.21687E-05  1.21687E-05
   982.00000  1.21275E-05  1.21275E-05
   983.00000  1.20864E-05  1.20864E-05
   984.00000  1.20456E-05  1.20456E-05
   985.00000  1.20049E-05  1.20049E-05
   986.00000  1.19645E-05  1.19645E-05
   987.00000  1.19242E-05  1.19242E-05
   988.00000  1.18841E-05  1.18841E-05
   989.00000  1.18441E-05  1.18441E-05
   990.00000  1.18044E-05  1.18044E-05
   991.00000  1.17648E-05  1.17648E-05
   992.00000  1.17254E-05  1.17254E-05
   993.00000  1.16862E-05  1.16862E-05
   994.00000  1.16471E-05  1.16471E-05
   995.00000  1.16082E-05  1.16082E-05
   996.00000  1.15695E-05  1.15695E-05
   997.00000  1.15309E-05  1.15309E-05
   998.00000  1.14925E-05  1.14925E-05
   999.00000  1.14543E-05  1.14543E-05
  1000.00000  1.14163E-05  1.14163E-05
  1001.00000  1.13784E-05  1.13784E-05
  1002.00000  1.13406E-05  1.13406E-05
  1003.00000  1.13031E-05  1.13031E-05
  1004.00000  1.12656E-05  1.12656E-05
  1005.00000  1.12284E-05  1.12284E-05
  1006.00000  1.11913E-05  1.11913E-05
  1007.00000  1.11543E-05  1.11543E-05
  1008.00000  1.11175E-05  1.11175E-05
  1009.00000  1.10808E-05  1.10808E-05
  1010.00000  1.10443E-05  1.10443E-05
  1011.00000  1.10080E-05  1.10080E-05
  1012.00000  1.09718E-05  1.09718E-05
  1013.00000  1.09357E-05  1.09357E-05
  1014.00000  1.08998E-05  1.08998E-05
  1015.00000  1.08640E-05  1.08640E-05
  1016.00000  1.08284E-05  1.08284E-05
  1017.00000  1.07929E-05  1.07929E-05
  1018.00000  1.07575E-05  1.07575E-05
  1019.00000  1.07223E-05  1.07223E-05
  1020.00000  1.06873E-05  1.06873E-05
  1021.00000  1.06523E-05  1.06523E-05
  1022.00000  1.06175E-05  1.06175E-05
  1023.00000  1.05829E-05  1.05829E-05
  1024.00000  1.05483E-05  1.05483E-05
  1025.00000  1.05139E-05  1.05139E-05
  1026.00000  1.04797E-05  1.04797E-05
  1027.00000  1.04456E-05  1.04456E-05
  1028.00000  1.04116E-05  1.04116E-05
  1029.00000  1.03777E-05  1.03777E-05
  1030.00000  1.03440E-05  1.03440E-05
  1031.00000  1.03104E-05  1.03104E-05
  1032.00000  1.02770E-05  1.02770E-05
  1033.00000  1.02437E-05  1.02437E-05
  1034.00000  1.02105E-05  1.02105E-05
  1035.00000  1.01774E-05  1.01774E-05
  1036.00000  1.01445E-05  1.01445E-05
  1037.00000  1.01117E-05  1.01117E-05
  1038.00000  1.00791E-05  1.00791E-05
  1039.00000  1.00465E-05  1.00465E-05
  1040.00000  1.00141E-05  1.00141E-05
  1041.00000  9.98188E-06  9.98188E-06
  1042.00000  9.94975E-06  9.94975E-06
  1043.00000  9.91775E-06  9.91775E-06
  1044.00000  9.88588E-06  9.88588E-06
  1045.00000  9.85414E-06  9.85414E-06
  1046.00000  9.82254E-06  9.82254E-06
  1047.00000  9.79107E-06  9.79107E-06
  1048.00000  9.75972E-06  9.75972E-06
  1049.00000  9.72851E-06  9.72851E-06
  1050.00000  9.69744E-06  9.69744E-06
  1051.00000  9.66649E-06  9.66649E-06
  1052.00000  9.63567E-06  9.63567E-06
  1053.00000  9.60499E-06  9.60499E-06
  1054.00000  9.57443E-06  9.57443E-06
  1055.00000  9.54401E-06  9.54401E-06
  1056.00000  9.51372E-06  9.51372E-06
  1057.00000  9.48355E-06  9.48355E-06
  1058.00000  9.45352E-06  9.45352E-06
  1059.00000  9.42361E-06  9.42361E-06
  1060.00000  9.39384E-06  9.39384E-06
  1061.00000  9.36419E-06  9.36419E-06
  1062.00000  9.33467E-06  9.33467E-06
  1063.00000  9.30528E-06  9.30528E-06
  1064.00000  9.27602E-06  9.27602E-06
  1065.00000  9.24689E-06  9.24689E-06
  1066.00000  9.21788E-06  9.21788E-06
  1067.00000  9.18899E-06  9.18899E-06
  1068.00000  9.16023E-06  9.16023E-06
  1069.00000  9.13160E-06  9.13160E-06
  1070.00000  9.10309E-06  9.10309E-06
  1071.00000  9.07470E-06  9.07470E-06
  1072.00000  9.04644E-06  9.04644E-06
  1073.00000  9.01829E-06  9.01829E-06
  1074.00000  8.99027E-06  8.99027E-06
  1075.00000  8.96237E-06  8.96237E-06
  1076.00000  8.93459E-06  8.93459E-06
  1077.00000  8.90692E-06  8.90692E-06
  1078.00000  8.87938E-06  8.87938E-06
  1079.00000  8.85195E-06  8.85195E-06
  1080.00000  8.82463E-06  8.82463E-06
  1081.00000  8.79744E-06  8.79744E-06
  1082.00000  8.77035E-06  8.77035E-06
  1083.00000  8.74338E-06  8.74338E-06
  1084.00000  8.71652E-06  8.71652E-06
  1085.00000  8.68978E-06  8.68978E-06
  1086.00000  8.66314E-06  8.66314E-06
  1087.00000  8.63662E-06  8.63662E-06
  1088.00000  8.61020E-06  8.61020E-06
  1089.00000  8.58389E-06  8.58389E-06
  1090.00000  8.55769E-06  8.55769E-06
  1091.00000  8.53160E-06  8.53160E-06
  1092.00000  8.50561E-06  8.50561E-06
  1093.00000  8.47973E-06  8.47973E-06
  1094.00000  8.45395E-06  8.45395E-06
  1095.00000  8.42827E-06  8.42827E-06
  1096.00000  8.40269E-06  8.40269E-06
  1097.00000  8.37722E-06  8.37722E-06
  1098.00000  8.35185E-06  8.35185E-06
  1099.00000  8.32658E-06  8.32658E-06
  1100.00000  8.30140E-06  8.30140E-06
  1101.00000  8.27633E-06  8.27633E-06
  1102.00000  8.25135E-06  8.25135E-06
  1103.00000  8.22647E-06  8.22647E-06
  1104.00000  8.20169E-06  8.20169E-06
  1105.00000  8.17700E-06  8.17700E-06
  1106.00000  8.15241E-06  8.15241E-06
  1107.00000  8.12791E-06  8.12791E-06
  1108.00000  8.10350E-06  8.10350E-06
  1109.00000  8.07919E-06  8.07919E-06
  1110.00000  8.05496E-06  8.05496E-06
  1111.00000  8.03083E-06  8.03083E-06
  1112.00000  8.00679E-06  8.00679E-06
  1113.00000  7.98284E-06  7.98284E-06
  1114.00000  7.95898E-06  7.95898E-06
  1115.00000  7.93521E-06  7.93521E-06
  1116.00000  7.91153E-06  7.91153E-06
  1117.00000  7.88793E-06  7.88793E-06
  1118.00000  7.86442E-06  7.86442E-06
  1119.00000  7.84100E-06  7.84100E-06
  1120.00000  7.81766E-06  7.81766E-06
  1121.00000  7.79441E-06  7.79441E-06
  1122.00000  7.77124E-06  7.77124E-06
  1123.00000  7.74816E-06  7.74816E-06
  1124.00000  7.72516E-06  7.72516E-06
  1125.00000  7.70224E-06  7.70224E-06
  1126.00000  7.67941E-06  7.67941E-06
  1127.00000  7.65666E-06  7.65666E-06
  1128.00000  7.63398E-06  7.63398E-06
  1129.00000  7.61139E-06  7.61139E-06
  1130.00000  7.58888E-06  7.58888E-06
  1131.00000  7.56645E-06  7.56645E-06
  1132.00000  7.54410E-06  7.54410E-06
  1133.00000  7.52183E-06  7.52183E-06
  1134.00000  7.49964E-06  7.49964E-06
  1135.00000  7.47752E-06  7.47752E-06
  1136.00000  7.45549E-06  7.45549E-06
  1137.00000  7.43353E-06  7.43353E-06
  1138.00000  7.41164E-06  7.41164E-06
  1139.00000  7.38984E-06  7.38984E-06
  1140.00000  7.36811E-06  7.36811E-06
  1141.00000  7.34645E-06  7.34645E-06
  1142.00000  7.32488E-06  7.32488E-06
  1143.00000  7.30338E-06  7.30338E-06
  1144.00000  7.28195E-06  7.28195E-06
  1145.00000  7.26060E-06  7.26060E-06
  1146.00000  7.23932E-06  7.23932E-06
  1147.00000  7.21812E-06  7.21812E-06
  1148.00000  7.19699E-06  7.19699E-06
  1149.00000  7.17594E-06  7.17594E-06
  1150.00000  7.15496E-06  7.15496E-06
  1151.00000  7.13405E-06  7.13405E-06
  1152.00000  7.11322E-06  7.11322E-06
  1153.00000  7.09247E-06  7.09247E-06
  1154.00000  7.07178E-06  7.07178E-06
  1155.00000  7.05118E-06  7.05118E-06
  1156.00000  7.03064E-06  7.03064E-06
  1157.00000  7.01018E-06  7.01018E-06
  1158.00000  6.98979E-06  6.98979E-06
  1159.00000  6.96948E-06  6.96948E-06
  1160.00000  6.94924E-06  6.94924E-06
  1161.00000  6.92908E-06  6.92908E-06
  1162.00000  6.90899E-06  6.90899E-06
  1163.00000  6.88897E-06  6.88897E-06
  1164.00000  6.86903E-06  6.86903E-06
  1165.00000  6.84916E-06  6.84916E-06
  1166.00000  6.82937E-06  6.82937E-06
  1167.00000  6.80965E-06  6.80965E-06
  1168.00000  6.79001E-06  6.79001E-06
  1169.00000  6.77044E-06  6.77044E-06
  1170.00000  6.75095E-06  6.75095E-06
  1171.00000  6.73153E-06  6.73153E-06
  1172.00000  6.71219E-06  6.71219E-06
  1173.00000  6.69292E-06  6.69292E-06
  1174.00000  6.67373E-06  6.67373E-06
  1175.00000  6.65462E-06  6.65462E-06
  1176.00000  6.63558E-06  6.63558E-06
  1177.00000  6.61661E-06  6.61661E-06
  1178.00000  6.59772E-06  6.59772E-06
  1179.00000  6.57890E-06  6.57890E-06
  1180.00000  6.56017E-06  6.56017E-06
  1181.00000  6.54150E-06  6.54150E-06
  1182.00000  6.52291E-06  6.52291E-06
  1183.00000  6.50440E-06  6.50440E-06
  1184.00000  6.48596E-06  6.48596E-06
  1185.00000  6.46760E-06  6.46760E-06
  1186.00000  6.44931E-06  6.44931E-06
  1187.00000  6.43109E-06  6.43109E-06
  1188.00000  6.41295E-06  6.41295E-06
  1189.00000  6.39489E-06  6.39489E-06
  1190.00000  6.37689E-06  6.37689E-06
  1191.00000  6.35897E-06  6.35897E-06
  1192.00000  6.34113E-06  6.34113E-06
  1193.00000  6.32335E-06  6.32335E-06
  1194.00000  6.30565E-06  6.30565E-06
  1195.00000  6.28802E-06  6.28802E-06
  1196.00000  6.27046E-06  6.27046E-06
  1197.00000  6.25298E-06  6.25298E-06
  1198.00000  6.23556E-06  6.23556E-06
  1199.00000  6.21821E-06  6.21821E-06
  1200.00000  6.20094E-06  6.20094E-06
  1201.00000  6.18373E-06  6.18373E-06
  1202.00000  6.16659E-06  6.16659E-06
  1203.00000  6.14952E-06  6.14952E-06
  1204.00000  6.13251E-06  6.13251E-06
  1205.00000  6.11557E-06  6.11557E-06
  1206.00000  6.09870E-06  6.09870E-06
  1207.00000  6.08189E-06  6.08189E-06
  1208.00000  6.06515E-06  6.06515E-06
  1209.00000  6.04847E-06  6.04847E-06
  1210.00000  6.03186E-06  6.03186E-06
  1211.00000  6.01530E-06  6.01530E-06
  1212.00000  5.99881E-06  5.99881E-06
  1213.00000  5.98238E-06  5.98238E-06
  1214.00000  5.96602E-06  5.96602E-06
  1215.00000  5.94971E-06  5.94971E-06
  1216.00000  5.93346E-06  5.93346E-06
  1217.00000  5.91727E-06  5.91727E-06
  1218.00000  5.90113E-06  5.90113E-06
  1219.00000  5.88506E-06  5.88506E-06
  1220.00000  5.86904E-06  5.86904E-06
  1221.00000  5.85308E-06  5.85308E-06
  1222.00000  5.83717E-06  5.83717E-06
  1223.00000  5.82132E-06  5.82132E-06
  1224.00000  5.80552E-06  5.80552E-06
  1225.00000  5.78978E-06  5.78978E-06
  1226.00000  5.77408E-06  5.77408E-06
  1227.00000  5.75845E-06  5.75845E-06
  1228.00000  5.74286E-06  5.74286E-06
  1229.00000  5.72733E-06  5.72733E-06
  1230.00000  5.71184E-06  5.71184E-06
  1231.00000  5.69641E-06  5.69641E-06
  1232.00000  5.68103E-06  5.68103E-06
  1233.00000  5.66569E-06  5.66569E-06
  1234.00000  5.65041E-06  5.65041E-06
  1235.00000  5.63517E-06  5.63517E-06
  1236.00000  5.61999E-06  5.61999E-06
  1237.00000  5.60485E-06  5.60485E-06
  1238.00000  5.58976E-06  5.58976E-06
  1239.00000  5.57471E-06  5.57471E-06
  1240.00000  5.55972E-06  5.55972E-06
  1241.00000  5.54477E-06  5.54477E-06
  1242.00000  5.52987E-06  5.52987E-06
  1243.00000  5.51501E-06  5.51501E-06
  1244.00000  5.50020E-06  5.50020E-06
  1245.00000  5.48544E-06  5.48544E-06
  1246.00000  5.47072E-06  5.47072E-06
  1247.00000  5.45604E-06  5.45604E-06
  1248.00000  5.44142E-06  5.44142E-06
  1249.00000  5.42683E-06  5.42683E-06
  1250.00000  5.41230E-06  5.41230E-06
  1251.00000  5.39780E-06  5.39780E-06
  1252.00000  5.38335E-06  5.38335E-06
  1253.00000  5.36895E-06  5.36895E-06
  1254.00000  5.35459E-06  5.35459E-06
  1255.00000  5.34028E-06  5.34028E-06
  1256.00000  5.32600E-06  5.32600E-06
  1257.00000  5.31178E-06  5.31178E-06
  1258.00000  5.29759E-06  5.29759E-06
  1259.00000  5.28345E-06  5.28345E-06
  1260.00000  5.26936E-06  5.26936E-06
  1261.00000  5.25531E-06  5.25531E-06
  1262.00000  5.24130E-06  5.24130E-06
  1263.00000  5.22733E-06  5.22733E-06
  1264.00000  5.21341E-06  5.21341E-06
  1265.00000  5.19953E-06  5.19953E-06
  1266.00000  5.18570E-06  5.18570E-06
  1267.00000  5.17191E-06  5.17191E-06
  1268.00000  5.15816E-06  5.15816E-06
  1269.00000  5.14445E-06  5.14445E-06
  1270.00000  5.13079E-06  5.13079E-06
  1271.00000  5.11717E-06  5.11717E-06
  1272.00000  5.10360E-06  5.10360E-06
  1273.00000  5.09007E-06  5.09007E-06
  1274.00000  5.07658E-06  5.07658E-06
  1275.00000  5.06313E-06  5.06313E-06
  1276.00000  5.04973E-06  5.04973E-06
  1277.00000  5.03637E-06  5.03637E-06
  1278.00000  5.02305E-06  5.02305E-06
  1279.00000  5.00978E-06  5.00978E-06
  1280.00000  4.99655E-06  4.99655E-06
  1281.00000  4.98336E-06  4.98336E-06
  1282.00000  4.97022E-06  4.97022E-06
  1283.00000  4.95712E-06  4.95712E-06
  1284.00000  4.94406E-06  4.94406E-06
  1285.00000  4.93105E-06  4.93105E-06
  1286.00000  4.91808E-06  4.91808E-06
  1287.00000  4.90515E-06  4.90515E-06
  1288.00000  4.89226E-06  4.89226E-06
  1289.00000  4.87942E-06  4.87942E-06
  1290.00000  4.86662E-06  4.86662E-06
  1291.00000  4.85387E-06  4.85387E-06
  1292.00000  4.84116E-06  4.84116E-06
  1293.00000  4.82849E-06  4.82849E-06
  1294.00000  4.81587E-06  4.81587E-06
  1295.00000  4.80329E-06  4.80329E-06
  1296.00000  4.79075E-06  4.79075E-06
  1297.00000  4.77826E-06  4.77826E-06
  1298.00000  4.76581E-06  4.76581E-06
  1299.00000  4.75340E-06  4.75340E-06
  1300.00000  4.74104E-06  4.74104E-06
  1301.00000  4.72873E-06  4.72873E-06
  1302.00000  4.71645E-06  4.71645E-06
  1303.00000  4.70423E-06  4.70423E-06
  1304.00000  4.69204E-06  4.69204E-06
  1305.00000  4.67990E-06  4.67990E-06
  1306.00000  4.66780E-06  4.66780E-06
  1307.00000  4.65575E-06  4.65575E-06
  1308.00000  4.64374E-06  4.64374E-06
  1309.00000  4.63178E-06  4.63178E-06
  1310.00000  4.61986E-06  4.61986E-06
  1311.00000  4.60799E-06  4.60799E-06
  1312.00000  4.59616E-06  4.59616E-06
  1313.00000  4.58437E-06  4.58437E-06
  1314.00000  4.57263E-06  4.57263E-06
  1315.00000  4.56093E-06  4.56093E-06
  1316.00000  4.54928E-06  4.54928E-06
  1317.00000  4.53767E-06  4.53767E-06
  1318.00000  4.52611E-06  4.52611E-06
  1319.00000  4.51459E-06  4.51459E-06
  1320.00000  4.50311E-06  4.50311E-06
  1321.00000  4.49168E-06  4.49168E-06
  1322.00000  4.48029E-06  4.48029E-06
  1323.00000  4.46894E-06  4.46894E-06
  1324.00000  4.45764E-06  4.45764E-06
  1325.00000  4.44638E-06  4.44638E-06
  1326.00000  4.43516E-06  4.43516E-06
  1327.00000  4.42399E-06  4.42399E-06
  1328.00000  4.41286E-06  4.41286E-06
  1329.00000  4.40177E-06  4.40177E-06
  1330.00000  4.39072E-06  4.39072E-06
  1331.00000  4.37972E-06  4.37972E-06
  1332.00000  4.36875E-06  4.36875E-06
  1333.00000  4.35783E-06  4.35783E-06
  1334.00000  4.34695E-06  4.34695E-06
  1335.00000  4.33611E-06  4.33611E-06
  1336.00000  4.32531E-06  4.32531E-06
  1337.00000  4.31455E-06  4.31455E-06
  1338.00000  4.30382E-06  4.30382E-06
  1339.00000  4.29314E-06  4.29314E-06
  1340.00000  4.28250E-06  4.28250E-06
  1341.00000  4.27189E-06  4.27189E-06
  1342.00000  4.26132E-06  4.26132E-06
  1343.00000  4.25079E-06  4.25079E-06
  1344.00000  4.24030E-06  4.24030E-06
  1345.00000  4.22984E-06  4.22984E-06
  1346.00000  4.21942E-06  4.21942E-06
  1347.00000  4.20903E-06  4.20903E-06
  1348.00000  4.19868E-06  4.19868E-06
  1349.00000  4.18836E-06  4.18836E-06
  1350.00000  4.17808E-06  4.17808E-06
  1351.00000  4.16783E-06  4.16783E-06
  1352.00000  4.15762E-06  4.15762E-06
  1353.00000  4.14743E-06  4.14743E-06
  1354.00000  4.13728E-06  4.13728E-06
  1355.00000  4.12717E-06  4.12717E-06
  1356.00000  4.11708E-06  4.11708E-06
  1357.00000  4.10702E-06  4.10702E-06
  1358.00000  4.09700E-06  4.09700E-06
  1359.00000  4.08700E-06  4.08700E-06
  1360.00000  4.07704E-06  4.07704E-06
  1361.00000  4.06710E-06  4.06710E-06
  1362.00000  4.05720E-06  4.05720E-06
  1363.00000  4.04732E-06  4.04732E-06
  1364.00000  4.03747E-06  4.03747E-06
  1365.00000  4.02765E-06  4.02765E-06
  1366.00000  4.01785E-06  4.01785E-06
  1367.00000  4.00808E-06  4.00808E-06
  1368.00000  3.99834E-06  3.99834E-06
  1369.00000  3.98863E-06  3.98863E-06
  1370.00000  3.97894E-06  3.97894E-06
  1371.00000  3.96928E-06  3.96928E-06
  1372.00000  3.95964E-06  3.95964E-06
  1373.00000  3.95003E-06  3.95003E-06
  1374.00000  3.94045E-06  3.94045E-06
  1375.00000  3.93089E-06  3.93089E-06
  1376.00000  3.92135E-06  3.92135E-06
  1377.00000  3.91184E-06  3.91184E-06
  1378.00000  3.90236E-06  3.90236E-06
  1379.00000  3.89289E-06  3.89289E-06
  1380.00000  3.88346E-06  3.88346E-06
  1381.00000  3.87404E-06  3.87404E-06
  1382.00000  3.86465E-06  3.86465E-06
  1383.00000  3.85529E-06  3.85529E-06
  1384.00000  3.84595E-06  3.84595E-06
  1385.00000  3.83663E-06  3.83663E-06
  1386.00000  3.82733E-06  3.82733E-06
  1387.00000  3.81806E-06  3.81806E-06
  1388.00000  3.80882E-06  3.80882E-06
  1389.00000  3.79959E-06  3.79959E-06
  1390.00000  3.79039E-06  3.79039E-06
  1391.00000  3.78122E-06  3.78122E-06
  1392.00000  3.77206E-06  3.77206E-06
  1393.00000  3.76294E-06  3.76294E-06
  1394.00000  3.75383E-06  3.75383E-06
  1395.00000  3.74475E-06  3.74475E-06
  1396.00000  3.73569E-06  3.73569E-06
  1397.00000  3.72666E-06  3.72666E-06
  1398.00000  3.71765E-06  3.71765E-06
  1399.00000  3.70866E-06  3.70866E-06
  1400.00000  3.69970E-06  3.69970E-06
  1401.00000  3.69076E-06  3.69076E-06
  1402.00000  3.68185E-06  3.68185E-06
  1403.00000  3.67296E-06  3.67296E-06
  1404.00000  3.66409E-06  3.66409E-06
  1405.00000  3.65525E-06  3.65525E-06
  1406.00000  3.64644E-06  3.64644E-06
  1407.00000  3.63764E-06  3.63764E-06
  1408.00000  3.62888E-06  3.62888E-06
  1409.00000  3.62013E-06  3.62013E-06
  1410.00000  3.61142E-06  3.61142E-06
  1411.00000  3.60272E-06  3.60272E-06
  1412.00000  3.59405E-06  3.59405E-06
  1413.00000  3.58541E-06  3.58541E-06
  1414.00000  3.57679E-06  3.57679E-06
  1415.00000  3.56820E-06  3.56820E-06
  1416.00000  3.55963E-06  3.55963E-06
  1417.00000  3.55109E-06  3.55109E-06
  1418.00000  3.54257E-06  3.54257E-06
  1419.00000  3.53408E-06  3.53408E-06
  1420.00000  3.52561E-06  3.52561E-06
  1421.00000  3.51717E-06  3.51717E-06
  1422.00000  3.50876E-06  3.50876E-06
  1423.00000  3.50037E-06  3.50037E-06
  1424.00000  3.49200E-06  3.49200E-06
  1425.00000  3.48367E-06  3.48367E-06
  1426.00000  3.47535E-06  3.47535E-06
  1427.00000  3.46707E-06  3.46707E-06
  1428.00000  3.45881E-06  3.45881E-06
  1429.00000  3.45057E-06  3.45057E-06
  1430.00000  3.44237E-06  3.44237E-06
  1431.00000  3.43418E-06  3.43418E-06
  1432.00000  3.42603E-06  3.42603E-06
  1433.00000  3.41790E-06  3.41790E-06
  1434.00000  3.40980E-06  3.40980E-06
  1435.00000  3.40172E-06  3.40172E-06
  1436.00000  3.39367E-06  3.39367E-06
  1437.00000  3.38565E-06  3.38565E-06
  1438.00000  3.37765E-06  3.37765E-06
  1439.00000  3.36968E-06  3.36968E-06
  1440.00000  3.36173E-06  3.36173E-06
  1441.00000  3.35382E-06  3.35382E-06
  1442.00000  3.34592E-06  3.34592E-06
  1443.00000  3.33806E-06  3.33806E-06
  1444.00000  3.33022E-06  3.33022E-06
  1445.00000  3.32241E-06  3.32241E-06
  1446.00000  3.31463E-06  3.31463E-06
  1447.00000  3.30687E-06  3.30687E-06
  1448.00000  3.29914E-06  3.29914E-06
  1449.00000  3.29143E-06  3.29143E-06
  1450.00000  3.28375E-06  3.28375E-06
  1451.00000  3.27610E-06  3.27610E-06
  1452.00000  3.26848E-06  3.26848E-06
  1453.00000  3.26088E-06  3.26088E-06
  1454.00000  3.25331E-06  3.25331E-06
  1455.00000  3.24577E-06  3.24577E-06
  1456.00000  3.23825E-06  3.23825E-06
  1457.00000  3.23076E-06  3.23076E-06
  1458.00000  3.22330E-06  3.22330E-06
  1459.00000  3.21586E-06  3.21586E-06
  1460.00000  3.20845E-06  3.20845E-06
  1461.00000  3.20106E-06  3.20106E-06
  1462.00000  3.19371E-06  3.19371E-06
  1463.00000  3.18638E-06  3.18638E-06
  1464.00000  3.17907E-06  3.17907E-06
  1465.00000  3.17179E-06  3.17179E-06
  1466.00000  3.16454E-06  3.16454E-06
  1467.00000  3.15731E-06  3.15731E-06
  1468.00000  3.15011E-06  3.15011E-06
  1469.00000  3.14294E-06  3.14294E-06
  1470.00000  3.13579E-06  3.13579E-06
  1471.00000  3.12867E-06  3.12867E-06
  1472.00000  3.12157E-06  3.12157E-06
  1473.00000  3.11450E-06  3.11450E-06
  1474.00000  3.10746E-06  3.10746E-06
  1475.00000  3.10043E-06  3.10043E-06
  1476.00000  3.09344E-06  3.09344E-06
  1477.00000  3.08647E-06  3.08647E-06
  1478.00000  3.07952E-06  3.07952E-06
  1479.00000  3.07259E-06  3.07259E-06
  1480.00000  3.06570E-06  3.06570E-06
  1481.00000  3.05882E-06  3.05882E-06
  1482.00000  3.05197E-06  3.05197E-06
  1483.00000  3.04514E-06  3.04514E-06
  1484.00000  3.03834E-06  3.03834E-06
  1485.00000  3.03155E-06  3.03155E-06
  1486.00000  3.02479E-06  3.02479E-06
  1487.00000  3.01806E-06  3.01806E-06
  1488.00000  3.01134E-06  3.01134E-06
  1489.00000  3.00465E-06  3.00465E-06
  1490.00000  2.99798E-06  2.99798E-06
  1491.00000  2.99133E-06  2.99133E-06
  1492.00000  2.98470E-06  2.98470E-06
  1493.00000  2.97809E-06  2.97809E-06
  1494.00000  2.97150E-06  2.97150E-06
  1495.00000  2.96493E-06  2.96493E-06
  1496.00000  2.95838E-06  2.95838E-06
  1497.00000  2.95185E-06  2.95185E-06
  1498.00000  2.94534E-06  2.94534E-06
  1499.00000  2.93885E-06  2.93885E-06
  1500.00000  2.93238E-06  2.93238E-06


#
# Current date/time  :  8-Aug-2024 17:34:58
# elapsed real time  :  1.62 seconds on max-wne003.desy.de
# Job time(CPU_time) :  1.65 seconds on max-wne003.desy.de
